6913
1251 1252 1282 1283 3338 4008 4255 4355 4660 4920 5288 5310 5343 5344 6063 6163 7548 7615 7616 7648 7973 8073 8074 9034 9035 9036 9133 9134 9135 9136 9150 9236 9237 9336 9337 9435 9436 9729 9873 9996
8211 8311
5002 5003
1696 1697 1698 1699 1754 1755 1756 1797 1896 1897 1980 1996 1997 3711 3830 4350 4351 4450 4451 5430 6003 6004 6103 6104 6275 7867 8430 9500 9909 9910 9997
2902
379 380
25 934 2547 2548 3527 4011 4303 4756 4856 5153 6126 6428 6618 6725 6825 7882 7996 8588 8589 8905 9379
1084 1087
2506 2507 2606 2607 2608 2609 2709 2810
452 453 454
6578
9284 9285 9385 9386
3156 3554 3655 3756
246
1069 1070 1071 1244 1245 2321 2431 3668 3761 4151 4278 4415 5926 7111 7112 7113 7114 7213 7437 7526 7676 7677 8896 8898 8899
39 40 62 65 78 165 485 525 756 1652 2029 2128 2129 2422 2465 2522 4184 4185 4284 4703 5391 5491 5492 6337 6818 7382 7603 7703 7738 7739 8820 9264 9265 9603 9941
1623 1722 1729 1730 1830
3197
1590 1591 1689 1690 1788 1789 3676 3677 3775 3776 3874 3875 3973 3974
5432
9272
6634 6635 6733 6734
404 405 504
254 315 1806 2042 2142 2661 3072 3073 3472 3980 5825 5925 6203 6815 8684 8882 9200 9300 9301 9401 9402 9501 9502
3765
5613
5996
4610 4611
2501
3751 3851 3852 3951 4050
2416
2020 4391 4491 4492 4493 4591 4592 4593 4594
1950 1952
6930 7637 7837
631 632 633
4504 6370 6371 6469 6473 6474
6827 6828
411 539 540 2591 2939 2940 3038 3039 3138 3139 5033 5481 5482 5581 5620 5855 5932 7546 7583 9632
68 168 169 348 1583 1683 1753 1918 1921 2024 2062 2063 2162 2389 2497 2906 3006 4502 4602 4603 4702 4719 4819 4919 5443 5813 6217 6966 7337 7338 7438 9222 9322 9493 9635 9728 9828 9928
3205 3303 3304 3305 3402 3403 3404 3504 3905
9191
2235 2336 3149 3250
4297 5502 9791
9843
195 196 295 296 395 396 482 494 495 1273 1482 1581 1582 1682 2368 2989 3062 3162 3262 3564 4596 5240 5339 5340 6521 6621 6741 6944 6945 7044 7887
4143
156 157 158 159
53 54 192 193 808 1633 1634 1651 3087 3487 3488 3587 3588 3687 4401 4475 4697 4876 5451 6627 7729 7829 7859 7860 9000 9077 9100 9347 9712 9724 9725 9759 9760 9761 9859 9860
318 426 526 626 873 1028 1029 1030 1129 1130 1229 1230 1330 1430 1510 2832 3260 3700 4002 4232 5791 5945 6053 6054 6153 6154 7029 7132 7230 7231 7232 7760 7761 7762 7861 8078 9362 9961
227 228
9214 9215
197 535 743 1116 1117 1216 1217 1538 1726 3762 4168 5028 5086 5094 5095 5193 5194 5668 5698 6230 6331 7294 7776 8468 8601 8602 8920 9164 9165 9394
4564
7441
251 252 253 838 1100 1541 1641 1741 1742 1842 1942 2231 2397 2622 2722 2746 2747 2847 3052 3666 7026 7027 7125 7126 7127 7225 8082 8391 9001 9101 9278

