46 20
17 2 9 9 17 17 17 6 6 6 6 5 5 5 11 3 3 2 2 2 16 7 2 2 7 7 7 7 7 7 6 6 6 17 10 2 7 7 7 11 2 2 12 12 12 12 17 17 9 9 17 17 6 6 6 6 4 5 5 11 11 3 3 2 2 2 1 2 2 2 7 7 7 7 7 7 9 17 17 17 17 7 7 7 7 7 7 7 16 16 16 16 17 17 9 6 17 17 6 6 6 5 5 5 5 11 17 3 3 3 2 2 2 2 2 2 7 7 7 7 7 7 9 7 7 7 7 7 7 7 7 7 7 7 16 16 16 16 17 17 9 6 6 6 6 6 6 5 8 5 11 11 3 3 3 3 0 3 2 2 2 2 7 7 7 7 7 7 7 7 7 7 7 7 7 7 7 7 16 16 16 16 16 16 15 15 12 12 6 6 6 6 6 5 5 5 11 11 11 11 3 3 3 3 3 2 2 2 7 7 7 7 7 7 7 7 14 7 7 7 7 7 7 7 17 16 16 16 5 4 15 15 15 15 6 6 6 6 6 5 5 5 11 11 11 11 3 3 3 3 3 2 2 14 7 7 7 7 7 7 7 7 14 7 7 7 7 7 7 1 17 6 3 4 15 15 15 15 15 12 12 15 6 6 5 5 5 5 11 11 11 11 3 3 3 3 3 2 2 2 7 7 7 7 7 7 7 7 7 7 7 12 12 12 7 1 1 3 3 3 3 3 15 15 15 15 15 15 6 12 5 5 11 5 11 7 0 11 11 3 3 1 3 1 1 2 2 7 7 7 7 7 7 7 7 7 7 7 12 12 7 1 1 1 3 3 3 3 15 15 15 6 6 6 6 5 5 5 5 5 11 7 7 7 7 1 1 1 1 1 1 16 7 7 7 7 7 7 7 7 13 7 7 12 12 12 12 1 1 3 3 3 3 3 15 15 15 6 6 6 6 7 7 5 5 5 5 7 7 7 1 1 1 1 1 1 1 13 7 7 7 1 1 9 9 9 12 0 7 12 12 12 12 12 3 3 3 12 14 3 15 15 6 6 6 6 6 7 7 5 5 5 5 7 7 7 1 1 1 1 1 2 2 13 7 7 1 1 1 12 9 9 9 9 12 12 12 12 12 12 3 3 5 5 5 3 1 10 10 6 16 7 7 7 7 7 5 7 7 7 7 7 1 1 1 1 1 1 1 1 1 1 1 1 1 1 9 9 9 9 12 12 12 12 12 12 12 12 12 12 0 0 7 10 10 10 16 9 15 7 7 7 7 7 7 7 7 7 1 1 1 1 1 1 1 1 1 1 1 1 1 1 1 1 9 9 9 10 10 12 12 12 6 0 0 0 0 0 16 16 4 17 9 9 15 15 7 7 7 7 7 7 7 7 4 1 1 1 1 1 1 1 11 11 1 1 1 1 1 9 9 9 9 9 12 12 12 12 12 0 0 0 0 0 16 16 2 2 2 2 15 15 7 7 7 7 7 7 7 14 14 10 1 1 1 1 1 11 11 11 1 1 1 1 1 9 9 9 9 2 2 0 0 0 0 0 0 0 5 0 16 16 2 2 2 2 2 2 17 7 7 7 7 7 7 14 14 10 1 1 1 0 0 11 11 11 11 17 1 1 0 0 9 9 1 1 0 0 0 0 0 0 0 5 5 0 9 9 2 2 2 2 2 2 2 7 7 7 7 7 13 14 14 10 1 1 1 1 6 17 11 11 17 17 1 1 1 0 5 9 1 1 0 0 0 9 0 0 0 0 0 0 9 9 9 4 2 2 2 2 2 2 2 2 2 7 7 1 14 1 1 1 1 1 17 17 11 11 11 11 1 1 4 0 0 0 0 0 0 0 0 9 7 7 0 0 0 0 9 9 9 10 2 2 2 2 2 2 2 2 17 1 1 1 1 1 1 1 1 1 17 11 11 11 11 11 7 6 0 0 0 0 0 0 0 0 0 9 7 7 7 7 0 0 9 9 16 16 13 2 2 2 2 2 2 2 17 1 1 1 1 1 3 1 1 6 17 11 11 11 11 11 11 11 11 10 0 0 0 0 0 0 0 9 9 13 6 6 6 0
19
0
1
2
3
4
5
6
7
8
9
10
11
12
13
14
15
16
17
18
