13 26
1 1 1 1 1 1 1 1 1 1 14 8 8 1 1 1 1 1 1 1 1 1 1 8 8 9 1 1 1 1 1 1 1 1 1 6 15 15 9 1 1 1 1 1 1 1 1 1 15 15 15 6 1 1 1 1 1 1 1 1 1 15 15 6 6 1 1 4 1 1 1 1 1 1 15 15 15 12 4 4 4 1 1 1 1 1 1 1 15 15 12 4 3 17 17 0 1 1 1 1 1 15 12 12 11 11 11 11 11 13 1 1 1 1 15 12 1 14 11 11 11 17 15 15 15 1 8 15 1 1 16 6 6 6 15 15 15 15 1 1 1 1 1 15 15 15 15 15 2 2 15 1 1 1 12 12 17 1 1 1 15 15 4 15 1 1 14 12 12 1 1 1 1 15 15 15 1 1 1 1 6 14 1 1 1 15 15 4 15 1 1 1 1 1 0 1 15 15 15 4 4 4 2 1 1 1 1 0 15 15 15 15 4 17 17 17 1 1 1 1 0 15 15 15 0 0 0 5 17 1 1 1 1 0 15 15 0 0 0 0 5 5 10 1 1 1 1 14 1 0 0 0 0 5 5 1 1 1 1 1 0 0 0 14 0 0 0 0 1 1 1 17 3 0 5 5 0 0 0 0 0 1 1 1 1 1 0 0 0 0 0 0 0 0 1 1 1 1 1 0 6 0 0 0 0 0 14 14 14 14 1 1 0 0 0 0 0 0 0 0 14 14 14 5 1 2 0 12 12 12 0 0 0 14 14 14 5 7
19
0
1
2
3
4
5
6
7
8
9
10
11
12
13
14
15
16
17
18
