47 12
4 14 14 14 2 14 14 14 14 15 4 4 17 4 4 4 16 11 11 11 11 11 11 11 11 11 11 11 8 8 8 8 17 17 7 17 17 17 12 12 12 12 12 12 12 12 12 4 14 14 14 14 14 14 14 14 2 4 7 7 4 4 4 11 11 11 11 11 11 11 11 11 11 11 11 8 8 17 17 17 17 7 13 17 17 17 12 12 12 12 12 12 12 12 14 14 0 17 14 14 2 15 15 14 7 7 1 1 4 4 11 11 11 11 11 11 11 11 11 11 11 11 8 8 17 17 17 17 17 17 17 17 17 12 12 12 12 12 12 12 12 14 14 14 14 14 14 14 15 10 14 14 7 7 1 4 1 11 11 11 11 11 11 11 11 11 11 11 11 11 11 17 17 17 17 17 17 17 17 17 12 12 12 12 11 5 12 12 14 14 14 14 14 14 14 14 14 14 14 7 7 1 0 11 11 11 11 11 11 11 11 11 11 11 11 11 11 11 7 5 17 17 17 12 17 17 12 12 12 12 12 11 0 12 12 14 14 14 14 14 12 14 14 12 14 14 14 12 1 0 11 11 11 11 11 11 4 11 2 11 11 11 11 11 11 7 11 11 17 17 3 12 15 12 12 12 12 11 11 0 12 12 8 14 14 14 14 14 14 14 14 14 14 14 0 0 0 11 11 11 11 11 11 11 11 11 11 11 11 11 11 8 8 11 11 17 17 17 12 15 12 12 3 3 11 11 13 12 12 11 14 14 14 14 14 14 14 14 14 14 14 0 16 16 15 6 11 0 0 11 11 11 11 11 11 11 11 12 0 8 8 5 12 12 5 12 12 12 12 12 12 12 12 12 12 12 14 14 14 14 14 14 14 14 2 17 14 14 16 14 0 0 11 11 0 0 0 5 11 11 16 11 11 11 11 12 12 12 12 12 12 12 12 12 12 12 12 12 12 12 12 12 7 14 14 14 14 14 14 14 9 15 14 14 16 16 16 0 0 3 0 0 0 1 15 11 11 11 11 11 11 7 12 12 12 12 12 12 12 12 12 12 12 12 12 12 12 12 12 17 14 14 14 14 14 14 14 9 9 9 9 16 16 16 0 3 3 0 0 0 0 0 11 11 11 11 11 11 12 12 12 12 12 12 12 12 12 12 12 12 12 12 12 12 12 12 12 14 14 14 14 14 14 14 14 9 9 9 16 16 16 12 3 3 0 0 0 0 0 0 17 11 11 11 11 12 12 12 12 4 14 12 12 12 2 12 12 12 12 12 12 12 12 12
19
0
1
2
3
4
5
6
7
8
9
10
11
12
13
14
15
16
17
18
