1507 1556 1819
620
1669 1670
1367 1417 1418 1419 1467 1468
1424
989
149 198 457 458 787 814 815 816 856 898 1076 1222 1317 1359 1407 1408 1440 1456 1536 1652 1867 1916 1917 1965 1966
53 102 151 152
116 165 166 167 196 245 294 557 912 960 961 986 1576 1577 2012
866 914 963
2005 2053
667 730 911 980 1060 1167 1399 1400 1914 1915 1963 1964
258 307 1219 1220 1221 1502 1601 1649 1650 1658 1698 1738 1833 1843 1845 1846 1892 1922 1971 1977 2026 2193
286 1483
554
564 565 1829
227 228 447 496 497
2062 2063 2064 2065 2066 2067 2068 2069 2111 2112 2113 2114 2115 2116 2117 2118 2119

