596 640 641 685 686 727 728 730 731 773 778 818 819 826 860 861 862 863 864 865
571
741 788 789
108 154 201 203 247 248 249 293 294 318 365 366 410 455
56 229 273 600 614 785 812
103 240 285 377 424 425 470
190
165 211 212 257 258
148
631
34 507 508 553 554 555 587 588 661 707 753 831 905
197 243 244 668 714 715 807 852 853 854
451 497 544
400 437 483 750 878 915
216 253 262 458 659 660 705 706 751 752 798
231 277 323 324 369 415
135 136 180 181
0 4 5 6 33 46 47 50 51 77 78 79 80 92 93 96 97 106 138 139 224 270 601 698 717 759 762 763 804 805 840 850 886 896

