807
2
12
13 212 213 412 413
820 1019 1020
24 25
28 29
30
232
236 237
40 240 440
447 448
45
251 252 452 453
53 54 55
1256
61 261
66 266
67 68
69 268 269
70
71 270 271
72 73 272 273 274
477 676 677 868 877 1078
79
80
81 82
83
84
2290 4118 4318 4319 4519 4520
87
89 90 91
92 292
93 94 294
96 296
97
98
99 100
101 102 301 501
505
108 109
110
111 112 310 311 312 510
113 313
116 117
122
123 124 323
329 528 529 729 929 930 1129
131 132
133 331 332 333
134 135 136 137 335 336
138 338
534 537 539 540
140
141 142 143
144
745
146 147 148 149 150 151 152 153 348
154 155
156 157 356 556
158
160 161 162 361 362
166 167 366 367 566 567
370 371
174
179
185 186 187
188
189 190
191
591 798 997 998 1191 1192 1196 1197 1198 1392 1393 1394 1395 1396 1398 1592 1593 1594 1595 1795 1798 1998 2198
194 195 393 394 395 593
196 197 198 396 397 596 796
222
228 229 429 629
230
234
241 242
267
284
287
297 496 497 696 697 896 897 898 899 1098 1099 1299
298
299 300 499 500 699
302
308 309 508
342
343
344
749 949
551 552 752
354
355
357 557
358
400
417
428
430
438
441
470 471 671 672 871 872
472 473 474 673
484
498
502 702 703 902 903
509 708 709 908 909
526 726 727 927
542
554 555
569
594
595
597
600 800
603
625
635
636
637
642
644
645
650
654
698
700 701
741 742
747
754
755
756 954 955 956
769 969
770 771
772
773
782
783
790
793 794 795 993 994
832 1032 1033
835
836
849 1049
850
873
886
913
932 933
938
939
953
995
1000
1035
1036
1050
1051
1060
1061 1062 1261 1262
1075 1275
1082 1083 1084 1282 1283 1482
1087
1092
1097 1297
1111 1112
1113
1119 1319
1135 1334 1335 1336
1345 1346 1545 1746 1946
1153 1154
1185
1186
1387 1583 1584 1781 1782 1783 1982 2182
1188
1200
1203
1215
1226
1233 1234
1238 1438
1267
1280 1480
1286 1287
1298
1308
1337
1349 1549
1353 1354 1355
1362
1366
1373 1573 1772 1773 1972
1380 1381 1382
1390
1400 1600
1430
1464 1664
1469 1470 1669 1670 1870
1471
1479
1481
1486
1505 1506 1507 1706
1516
1527 1726 1727 1926
1535
1547
1548
1550
1751 1752 1755 1949 1950 1951 1953 1954 2154 2354
1553 1554
1565
1567
1788 1988
1589 1590
1597
1605
1608 1808 1809 1810 2009 2010 2011
1612 1812
1623
1629
1844
1645 1646 1647 1648
1652 1852
1663
1665
1671
1680
1681
1685
1698
1707
1708
1709
1739
1748
1767 1967
1768
1770 1771 1971
1985
1790
1800
1801
1805 1806 2005 2006
1807 2007 2008 2207 2208 2407 2408 2409
1811
1821
1822 1823 2022 2023 2222 2223 2423
1829
1830 1831
1837
1847
1848
1859
1860 2060
1864
1866
1868
1869
1885
1895
1896
1915 2115
1922
1935 1936
1939
1960
1968 2168
1975
1978 2178 2179 2180 2378 2379 2579
1979
1980
1990 1991
1992
1993 1994 2193 2194 2195
1996
2020 2021
2026
2629 2630
2038
2039 2040
2041 2042 2241 2441
2047
2066
2068
2096
2116 2117 2118 2119
2140 2141 2340
2145 2345
2152
2186
2189 2190 2191 2390 2391 2590 2591
2192
2196
2205
2206 2406
2209
2210
2211
2224
2242
2256
2257 2258 2458
2279
2280 2281
2311
2314 2315 2514 2515
2316 2317 2318 2319
2321
2337 2338 2339
2349
2350
2351
2352
2374
2377
2380
2383
3194 3395
2392
2399
3214 3413 3414 3612 3613 3614
4804 5004 5416 5812
2432 2433
2442
2443
2453
2863 2864 3063
2484
2516
2517 2717
2545 2546 2547 2548
2549 2550
2551
2560 2561
2562 2762
2592
2602
2603 2604
2607
2608
2621
3025
2635 2636 2835 2836
2637 2638 2639 2837 2838
2653
2667
2674
2716
2726
2733
2741
2742
2759 2760 2959 2960
2761 2961 2962 2963 3162
2799 2999
2800
2807
2822
2833 2834 3033 3034
2848 3048
2861 3061
2916
2917
2923
2934 2935
2944
2954
2957
2958
2965
2977 3177
3000
3007
3016
3018
3032
3035 3036
3041 3240 3241 3440 3441 3640
3046
3058 3059
3099
3100 3300 3301
3120
3151
3153
3159 3160 3359 3360
3161
3376
3188
3199
3200
3407 3807 4007
3211
3224
3226
3231
3239
3265
3275 3276
3297 3497
3339
3343
3354 3554
3356 3556
3361
3410
3419
3422
3423
3424
3433 3633 3634 3833 3834 4034
3439 3635 3638 3639 3835 3836 3837 3838 3839 4035 4036 4236
3446
3451
3493 3693 3694 3695 3893 3894
3494
3511 3512 3513 3711
3527
3546 3746
3547 3747 3945 3946 3947 3948
3564 3565
3582
3586
3588
3600 3800
3606
3628 3828
3630
3645
3646 3846 3847 4047
3647
3672
3689
3691 3692
3726 3926
3727 3728 3729 3929
3764
3765
3766
3771
3777
3786
3840 3841
3852 3853 4053
3857
3874 3875
3880
3895
3902
3910 4109 4110
3911
3927 3928 4128 4129
3960
3961
3964
3965 4165
3966
3967
3981
3990
3991 3992 4189 4190 4191 4192 4392 4592
3993
4009 4010 4210 4211 4212 4410 4610
4016 4215 4216 4414 4415 4416 4614
4019
4024
4028
4032
4037
4075
4078 4278
4087
4088
4126 4127
4139
4144
4147 4148 4149
4166 4167 4168
4188
4193
4202
4213 4413
4214
4235 4435
4237
4256 4257 4457
4268
4272
4286 4287 4486 4487 4687
4288
4295 4296 4297 4495 4496 4696 4896 4897
4329
4333
4363
4364 4365 4366 4564 4565
4367 4567
4368
4369 4569
4382
4383
4385
4390
4391
4393 4394 4593 4594
4612
4429 4430 4629 4630 4827 4828 4829 5027 5028 5029
4456
4480 4481
4482
4494 4694 4695
4501
4528
4529
4530 4728 4729 4730 4929 4930 5128 5129 5130
4544 4744
4566
4568
4585
4988 5189 5991 6192 6593
4589
4590
4591
4627 4628
4644
4648
4649
4656
4657
4672
4681 4682 4683 4881
4686
4701
4710
4734 4735
4737 4738 4937 4938
4746 4747
4753
4767 4768 4769
4794 4795 4796 4994 4995
4797
4819
4835
4847
4848
4859
5063 5064
4870
4885 4886 5085 5086
4898
4903 5102 5103
4904 4905 5104
4906
4934 5134
4942
4946
4951 5151
4953
4974
5197 5198 5398
5040 5240
5045
5047
5048
5058
5259 5458 5657
5060 5061
5073
5079
5100 5101
5105
5111
5115 5315 5515 5516 5715 5716
5127
5131
5132 5133
5135
5143
5152 5153 5352
5155 5355 5356 5555 5556 5755 5756 5955 5956 6155 6156 6355
5156 5157
5170
5174
5175
5178
5179
5183
5185 5186 5384 5385
5192
5193 5194
5228
5236 5237 5436 5437
5246
5262
5270
5314 5513 5514
5333
5337
5348
5351
5357
5376 5576 5776 5777 5977
5382 5383
5386 5387 5587
5392 5393 5592 5593
5394 5395 5396 5594
5426
5450
5460
5462
5467
5476
5482
5523
5545
5561 5761
5566
5575
5577
5784 6185
5586 5786 5986
5588 5787 5788 5987 5988 6188
5595 5596 5597 5795
5606 5607
5620
5629
5672
5676
5677
5713
5721 5722
5723
5737
5744
5745
5765
5778
5793 5794
5796
5797
5820
5822
5829
5853
6058 6059
5874
5883
5900
5929 5933 5934 6129 6130 6131 6132 6133
5935
5936
5949 6149 6150
5978
5983 6183
5995 6195 6196 6197 6396
6001
6042
6043
6065
6080
6083
6089
6093
6098
6187
6198 6199 6398 6399
6201 6202
6215 6415 6613 6614 6615 6813 6814 6815 6816 7016 7017
6217
6438
6242 6442
6252
6271 6272
6273
6283
6293 6493 6494
6298
6316
6317
6356 6357 6358
6359
6378
6383 6583
6389
6390
6395
8195
6602 6802 6803 7002 7003
6403 6404
6405 6605 6805
6409
6414
6416 6417
6418
6419 6618 6619
6420
6434
6441
6450
6461
6473 6673
6474 6475 6674 6675
6483
6486
6893 7093 7094
6510
6512
6554 6555 6754
6556 6557 6756 6956
6577
6578
6580 6780
6584 6585 6785 6786 6787 6986 6987 7186
6586
6589
6590
6600
6616 6617 6620 6817 6818 6819 6820 7018 7019 7020
6621 6622 6623 6624 6821 6822 6823
6625
6639 6640 6641 6642
6656 6657
6664 6665 6864
6686
6704
6713
6716
6738
6739
6752 6753
6755 6954 6955
6770 6771
6781 6981
6782
6783 6983
6784
6789 6989 6990 7189
6790 6791
6795
6800
7024 7025
6829
6840
6856
6857
6858 7057 7058 7059
6868
6869
6872
6896
6913 7112 7113
6953
6969
6970
6982 7182 7183
6984
6988 7188
6991 6992
6994 7194 7195
7005
7009
7027 7028 7029 7030 7227 7228 7229
7031 7032 7033
7064 7065
7102
7104
7123
7128
7540 8742 8747 8944 8946 8947 9145 9146 9147 9345
7146
7147
7159
7171
7181
7187
7390 7391 7590 7591 7789 7791
7196
7200 7400
7201
9811 10010 10011 10211
7416
7218 7219
7621 7622 7821 7823 9022 9221
7249 7250
7255 7256
7257
7263
7264 7265 7464 7465 7664
7266
7280
7295 7296 7297
7313
7318 7319 7518
7325
7326
7327
7335 7336
7337
7339
7341
7350
7359 7360 7361 7559 7560 7561 7761
7364
7368
7371
7372 7572
7375 7376 7575
7393 7394 7395
8001
7418
7434
7439
7463
7466
7492
7493
7494 7495 7496 7694 7695 7894
7500
7505
7508 7708
7515
7525
7526 7527 7528 7726 7727 7728 7729
7529
7930 8130 8329
7535
7937
7944 8144 8343 8344 8345
7562
7571
7573
7574
9187 9385 9386 9387 9586
7587
7588
7593
7594 7793 7794
7599
7608 7609 7808 7809 8008 8009
7618 7818
7625
7626 7627
7629 7829
7647
7656
7665
7666
7676
7680 7880
7693 7893
7696 7896
7697
7709
7718
7725
7732
7741
7746
7747
7762
7775
7781 7981
7797 7997 7998 7999 8198 8199
7799
7815
7817
7831 8031 8231 8431
8033 8233 8433 9027 9028 9030 9229 9230 9430 9431
7837 7838 8037 8038
7866
7870 7871 8070 8071
7887
7900 7901 7902 8100 8101 8299 8300 8301
7905 7906
7915
7917 8117
7918
7951
7959
7969
7986 8186 8386 8586
7990
8018
8026 8027 8028
8029 8030 8230
8035
8040
8041
8058 8059 8060
8061
8067
8081
8085
8088
8096
8102
8114
8142
8156
8181 8380 8381 8580 8581 8781
8212
8216
8222
8225
8235 8236
8248
8258 8458 8459 8658 8659 8858
8259 8260
8261 8461
8269
8274
8275 8475
8283
8295
8306
8319 8320 8519
8331 8531
8332
8333 8334 8533 8733
8356
8361
8398 8399 8599
8601
8416 8616 8816 8817 9017
8417
9041 9240 9241 9242
8455
8460 8660
8482 8483 8682
8490
8510
8520
8530
8534
8536 8537
8538 8539 8540 8739
8551 8751
8572
8573 8773
8579
8583
8591
8598 8798 8997 8998
8612
8613
8614 8814
8615 8815
8617
8620
8640
8644 8844 8845 9043 9044 9045
8692 8892
8711 8911 9110 9111 9310 9311 9312 9510
8734 8735 8736 8934 8935 8936 9136
8737
8738
8779
8799
8805
8819 9019
8820
8824
8825
8826
8829
8833
8842
8843
8859
8873
8877
8896
8937
8938
8961 8962 9161 9361
8972
8973
8990 8991 8992 9192
8995
8996
8999 9199 9399 9599 9799 9998 9999
9002
9004 9005
9014 9214
9015 9016 9215 9415 9418 9615 9616 9617 9618 9619
9018
9246 9445 9644 9842 9843 10042 10043
9090
9491 9691 10287 10486 10487 10686
9094 9095 9294 9295 9494
9104
9121
9123 9323 9523 9524 9525 9723 9724
9128 9328 9528
9130
9133
9134 9334
9137
9138
9143
9156 9157 9357
9167 9367
9182
9195
9396 9397 9596 9597 9796 9797
9203
9204
9216
9217 9417
9218
10837 19640 20831 21030
9280
9282 9283
9293
9299 9300
9304
9305
9326 9526
9327 9527
9333
9337
9353
9359
9368
9373
9416
9419
9423
9825
9427
9428 9627 9628
9461
9482
9509 9708 9709 9909 10109
10122 10322
9543
9546
9547
9567
9571
9607
10820
9626
9646
9661 9861
9669
9681 9881 10081 10082 10281 10282
9685 9686 9885 9886 10085
9710
9711
9725 9726 9925
9727 9728
9738
9739
9741 9742
9743
9744
9746 9747 9946 9947
9748
9752
9762 9763 9962 9963
9767 9768 9967 9968 9969
9773
9783
9789
10796
9800 9801 10000 10001 10002 10200 10400 10401 10600 10601
9803 9804 10003 10004
9818 9819 9820
9827
9830
9840 10040 10240 10241
9850 9851 9852 9853
9873
9889
9896
9908
10310
9926
9944
9960
9965
9981 9982 9983
10024
10050 10051 10250
10052
10053 10054 10254
10057 10257 10258 10259
10065
10083
10089 10090 10290
10094 10095 10096 10294 10295 10296 10297 10298 10299 10497
10117
10118
10131
10141
10147
10160
10162
10163
10174
10175
10184
10189 10190 10389 10390 10588 10589 10590
10196 10197 10396 10397
10198 10199 10398 10399
11803 11804 12003 12004
10204 10205
10221
10224
10225 10425
10226
10628
10251
10255
11283
10312 10313 10314 10511 10512 10513 10516 10711 10713 10714 10715 10716 10717 10915 11115 11312 11313 11314 11315 11512 11513
10315 10515
10316 10317
10334
10340
10373
10374
10607
10406
10415
10426 10626
10443
10446 10447 10647
10454
10480
10495
10498
10499
10506 10507 10508 10707 10708
10509
10514
10517 10518
10580
10584
10591
10592
10593
10594 10794
10597
10598 10798
10599
10616
10625
10630
10631
10658
10666
10679 10680
10689 10690 10889 10890 11089 11090 11289
10691 10891 11091
10692
10704
10705
10706 10906 10907
10709
10712
10721
10741
10742
10743
10759
10767 10768
10779 10780
10781 10981
10783
10784 10785
10786 10986
10789 10790 10791 10792
12396 12595 12596 12796
10799 10999
10804 11004
10805
10816 11016
10826 10827
10830
10856 11056 11255 11256 11455 11456 11655
10870
10878 10879
10882
10892
10908 10909
12323 12723 12923
10929
10935
10938
10944
10953
10968
10982 10983
12787
10985
10989 10990 10991 11188 11189 11191
11005
11026 11226
11027 11227
11230
11049
11054 11254 11454
11061
11062
11076
11101
11111
11114
11119
11120
11122 11123
11151 11152
11186 11386
11187
11200 11201
11211
11228
11233 11432 11433 11633
11241 11441
11249
11250
11253 11453
11261 11262
11466 11467 11666 11667 11668
11272
11273
11301 11302
11311 11511
11322 11522
11328 11528 11529 11729 11928 11929 12128 12129 12327 12328 12527 12528 12727 12728
11334
11339
11341
11349
11350 11351 11352 11549 11550
11369
11377 11577 11578 11777 11778
11380
11381 11581
11387
11389
11395 11595
11399
11400
11416
11421 11422 11423
11424
11425
12426 12627
11434
11452
11856 11857 12055 12056 12255 12256 12455
11464
11476 11477 11478
11479
11492
11501
11504 11704
11514
11524 11525 11526
12737 12936 12937
11544
11545 11745
11547 11747
11551 11751
11583
11593 11793 11993 12193
11594
11599
11600
13607 13608 13807
11621
11622
11623
11624 11824
11632 11832
11653
11654 11854
11670
11680
11681
11685
11695 11696
11702
11711 11712 11911 12110 12111
11713 11913 11914
11730 11731 11930 11931 12131 12132 12331 12332 12532
11736 11936
11750
11764
11767
11774 11974
11779 11977 11978 11979 12174 12175 12177 12178 12372 12373 12374 12375 12376 12377 12378 12578 12579 12778 12779 12780
11780
11784
11794
11797
11799
11821
11822
12223
11829 11830 12030
11842 12042
11843
11847
11862
11865
11869 11870
11895 12095
11899
11912
12514
11925
11932
11933
11938
11939 11940 12140 12141
11944
11964 11965 12164 12364
11966
12366 12566
11973 12173
11975
11980
12010
12028
12029 12229 12230
12032
12033
12034
12040
12046
12047
12050
12080
12112
12130
12135
12139
12146
12157
12165
12369 12570 12971
12171 12371
12176
12179
12180
12189
12213
12214
12219 12220 12221 12419 12420 12421
12228
12231
12232 12233 12432 12433
12240
12247
12276
12311
12319 12519 12520
12329
12344
12345
12348
12355 12555 12556 12557 12757
12356 12357 12358 12359
12382 12383 12582
12401 12600 12601
12431
12437 12438 12637 12638
12444 12445 12644 12645 12844 12845
12446 12646 12647
12471 12472
12492
12504 12505 12506 12705
12541
12561
12572
12775 12776 12976 12977 13178 13379 13580 13581 13781
12577
12583
12584
12605 12606 12607 12805 12806 13005 13205
12615
12617
12618 12619 12819
12620 12820 13020
12621 12622 12623 12624 12823 13023
12631 12632
12642
12643
12692 12693 12892 12893
12698
12704
12706 12707 12906 12907 12908 12911 13106 13108 13109 13110 13111 13310 13311
12732
12742 12942
12767 12768 12769 12969
12772
12781
12782
12800 12801
12802 13002
13620 13621 13821 13822
12821 12822 13021 13022
12824
12836
12837 12838 12839
12842
12843
12846
12854
12858
12871
12902
12903 13103
13327 13328 13528 13529 13729 13730 13731
12929
12945
12973 13173
12974 13174 13374 13574 13575 13576
12980
12991 13191
12993
12999
13000
13201
13012 13013
13024
13028 13029 13030 13229 13230
13031 13231
13032
13036
13037 13237
13042 13043 13044 13045 13241 13242 13243 13245 13440 13441 13443 13445 13643
13046
14255 14455 14456 14655 14656 14854 14855 14861 15054 15062
13053 13054
13062
13066
13087 13287 13288 13487
13088
13092 13093
13107
13113 13114
13115 13116
13119 13319
13120
13129
13130 13131
13141
13161 13162 13361 13362 13363 13561 13761 13762 13961 13962
13169
13175 13375
13180
13185
13190 13390
13203
13215
13222 13223
13226 13426
13228 13428
13235
13236
13244
13246 13446
13251 13451 13651
13264
13286
13292
13293
13312
13360
13571 13572
13376 13377
13383
13389
13402 13403 13602 13603
13411
13425
13435 13635
13442 13642
13444
14050
13453
13456 13457
13458 13658 13858 13859
13460 13660
13474
13480 13481 13681 13881 13882 14081 14082
13484
13509 13510 13511 13711
13512
13526
13540 13541 13740 13741
13542
13543
13544 13545 13744 13745
13546 13746
13548 13549 13550 13551 13748 13750 13751 13948
13554
13559
13560 13759 13760
13562
13577
13587
13590
13591 13592 13792
13595
13596
13600
13601
13628
13634
13640 13641
13845
13648
13652 13653 13852 13853 13854
13654
13659
13661
13682
13684
13685
13701
13702
13712
13726 13727
13733
13734 13933 13934 14134
14342
13749
13757
13764
13774 13775 13776 13974 13975 13976
13978 14178 14378
13993 13994 13995 14194
13796
13799
13800 13801 14000 14001
13802 14002
13811
13834 14033 14034
13835 14035
13839
13840
13860
14061
13870
13887
13901
13926
13936
13939
13949 13950 14149 14150
13971 13972 13973 14172 14173
13999
14011
14024 14224 14225 14226
14031
14057
14066
14067 14267
14079
14087
14289
14090
14101
14114
14123 14124 14324
14125 14325
14327 14328
14130
14171
14174 14175 14375
14176 14376
14381 14382 14582 14775 14776 14782 14975 14976 14977 15175 15177 15181 15378 15380 15381 15579 15580 15778
14189
14196
14200
14201
14204
14212
14214 14413 14414 14415
14220
14223 14423
14233
14637 14838
14265 14464 14465 14665
14271
14281
14687 14885
14296
14300
14301
14323
14347
14350
14357
14365
14366
14374
14388
14393
14400 14401
14406
14424
14444 14644
14448
14479
14484
14486
14507
14524
14529
14530 14531 14730 14731
14532
14534
14545
14553
14557
14561
14580 14780
14588
14794
14607 14608
14813 15013 15014 15213 15214
14614
14622 14623 14624
14641 14642 14841 15041
14648
14663 14664
14670
14671
14672
14674
14684
14689
14690
14711 14712
15123 15124 15323 15324
14734
14740
14760
14773
14784 14984 15184
14788
14799
15005
14810
14815
14849
14864
14865
14866
14867
14878
14879
14883
14889 14890
14891
14915
14922
14935
14939
14962
14971
14979 14980 15179
14983
14989
14995
14999
15000 15001
15002
15003 15202 15203 15401 15402 15403 15603 15604
15057
15058 15059
15065 15066 15264 15265 15266
15071
15086
15087 15287 15487
15112
15121 15321 15521
15135 15335
15151 15152 15351 15352 15551 15552
15155
15158 15159
15164
15165 15365 15366
15167 15168 15367 15368 15568
15183
15193
15794 15795
15197
15200 15201
15204 15404 15405
15220
15225
15242
15251 15252
15256
15458 15658
15288
15490 15689 15690
15291
15311
15312
15329
15330
15331
15332 15532
15741 15940 16139 16140 16141 16339 16341 16342 16538 16542 16938 17139 17339 17340 17540 17541 17741 17941
15343
15358 15359
15376 15575 15576 15775 15776 15975
15384
15395
15399 15598 15599
15400 15600 15800 15801
15412
15415
15420
15431
15432
15433
15434 15634
15435
15437
15438
15440
15443 15444
15652
15463 15663
15464
15465 15664 15665 15864
15466
15477
15488
15525 15722 15723 15724 15725 15925
15526 15527 15528 15727 15728
22122 22123 35934 36133 36332 36531 36731 38712
15538
15539
15949 16149
15562
15563
15565 15566 15567
18972 18973 19173 19372 19373
15572
15573
15577
15982 16182 16383 16385 16585 16586 16787 16788 16789
15593
15597 15797 15798 15997 15998 15999
15601
15602
15605 15805 15806
15608
15630 15830
15631
15643
15669
15670
15696
15720 15721
15732
15733
15735
15745
15746
15751 15752 15952
15765
15966 15967
15786 15986
15792 15992 15993 16192 16193 16392
15799
15802
15807 15808
15814
15816 15817
15849 15850 16049 16050 16051 16052 16249 16251 16252 16452
15851
15860
15861 15862 15863 16061
15865 16065 16265
15869 15870 16070
15881 16081 16082
15885
15894
15905 16105
15943
15944
15946
15963
15976 16176
15977
15989
16024
16026
16053
16056
16058
16066 16266 16267 16268 16467 16468 16667 16668
16079 16279
16087 16088 16287 16288
16115
16152 16352 16353
16154 16155 16354
18935 19134 19145 19146
16163 16363 16562 16563 16762 16763 16963
16174 16175 16375 16376
16184
16187
16188 16189 16387 16388 16389
16194
16195 16196 16197 16396 16397 16595 16596 16597
16798 16998
16218 16418 16419
16225
16226
16227
16231 16431
16232
16236
16250
16855 17055 17255
16258 16259
16264
16299
16307
16313
16326
16333
16336
16345 16346 16545 16546
16365
16366 16367 16566 16567
16393 16394 16593 16594 16791 16792 16793
16395
16426 16624 16625 16626
16443 16444
16458
16460
16461
16488
16494
16526
16529
16547
16548
16568
16569 16769 16770 16969 16970
16572
16591
16592
16611 16612
16620
16640
16641
16643
16656
16663 16664
16872 17072 17073 17672 18473 18673 18872 19072 19073 19273
17279
16689
16691
16715
16716 16717
16740
16745 16944 16945
16746
16757 16957
16758
16759 16760 16761 16961 16962 17161 17162
16765 16766 16965 17165 17166
16967 17168
16776
16783
17385 17386 17585 17589
17795 17995 17996
16801
19403
16812
16820
16830
16853 17052 17053 17252 17253
17262 17263 17461 17462 18062
16864
16875 17075
16891
16964
17022 17222
17023
17027 17028
17057 17058 17059 17257 17258 17259
17078
17090
17097
17099
17115 17116 17315 17316 17515 17516 17517 17518
17118 17318
17123 17124 17125 17324
17134 17135
17136
17143 17144 17343
17145
17163 17164 17363
17174
17176 17375 17376
17180
17181 17182 17381 17382
17199
17604 17805 18406 18606 18607 18806
17206
17216
17223 17423
17226
17227
17232
17270 17470
17271
17274
17275
17281
17293
17299
17300
17307
17311 17312 17511 17512 17711 17712
17333 17530 17533 17730 17731 17732 17733 17930 17931 17932 18130 18132 18330
17344
17361
17366
17369
17380
17397
17399
17422
17426 17427 17428 17626 17628
17444
17452
17453
17465
17468
17480
17504
17513
17519
17537
17945 17946 17947 18149
17549
17552 17553
17555
17556
17575 17576
17581
17582
17611 17811
17612
17623 17624
17638
17670
17677 17877 18077
17678 17679
17684 17685 17686
17715 17915 18115
17716 17916 18116
17720
17734
17738
17748 17749
17752 17753 17952
17780
17781
17782 17783 17981 17982 17983 18183
17787 17987 18187
17808 18007 18008
17809
17812
17828
17829
17836 17837 17838 17839
17844
17859 17860
17870
17878 18078
17884
17890
17893
17894
17902
17907
17913
18004
18023
18028 18228 18427 18428
18029
18039 18239
18040 18240 18241 18441 18641
18059
18065 18265
18070 18270
18072 18073 18074
18076
18079
18105
18106
18307
18117
18131
18137 18337
18143
18157
18159 18359 18360
18164 18364
18172
18177 18178 18179 18378 18379
19384 19585 19786
18191
18192
18200 18400
18203 18204
18205
18207
18227
18229
18244
18253
18254 18255
18256
18477
18294 18494
18696 18895 19093 19299 19498 19697
18329
18340
18343
18344
18352
18354 18554
18358
18361
18365
18376
18377
18380
18403
18422
18426
18429
18436 18636 18836
18439 18440
18643
18454
18456
18460 18461
18465 18466
18469 18470
18471 18669 18670 18671 18869 18870 19069 19070 19269
18475
18493
18499
18505 18705 18706 18707 18907
18517
18530 18531
18553
19164 19364 19966
18569 18570
18575
18580
18598
18599 18799
18600
18604
18612
18613
18614
18846 19045
18656
18676 18875 18876 19075 19076 19275 19276
18681
18689 18889 19089
18692
18704
18708
18714
18721
18725
18739
18750
18753
18757
18758
18760
18996 18997 18998 19196 19197
18800
18808 19008
18822
18853
18874
18877 19077 19277
18878
18879
19279
18885
18890
18903 18904 18905
18906
18923 18924 18925 19124
18930
18960
18966
18977 18978 19177 19178 19377 19378 19577
19027
19035
19036 19235 19236
19043
19059
19067
19468 19667 19865 19866 20066 20067 20267 20268
19086 19087
19090 19290
19097
19101 19102
19109 19309
19125 19325 19326
19169
19194
19199
19206
19217
19244
19263
19266 19267
19311
19528
19353 19354 19553
19394
19398 19399
19430
19431 19432 19631 19632
19464 19664
19466
19470 19670
19477
19481
19484
19488 19688 19888 19889
19490
19491
19492
19494
19502 19702
19509
19515 19715
19525 19526 19725 19726 19925 20125
19537
19541
19569
19578
19594
19599
19610
19617 19618
19623
19624 19625
19626
19630
19656 19657 19658 19857 19858
19676 19876 20076
19677
21892
19689 19690
19691 19692 19892 20092
19694
19706
19707
19729
19730 19731 19930
19740
19741 19941
20150 20151
19752 19952
19755
19756 19757
22757 22758 22956 22957 22963
20176
19792 19992 20192
19799 19999
19812 20012 20212
19829
19830
19846
19850 19851
19868
19877 20077
19883 20083
19890 19891
19899 19900
19901
20305 20506
19906 19907
19916 20115 20116
19926 20126
19927 20127
20328 20527 20528 20529
19938 19939 19940 20138 20139
19948
19949
19956 20156
19957 20157 20158
19971
19981
20000
20602 20604 20605 20606
20018
20019
20020 20021
20025
20026 20226 20426
20033
20034
20035
20036
20064 20264 20265
20070
20074 20075
20089 20090
20093 20094
20099 20100 20101 20301 20302
20107
20317 20318 20518 20519 20523 20524 20723 20724
20119
20940 20941 21139 21141 21337 21338 21537 22341 22542 22543 22743
20142 20342 20343 20542
20144 20145
20148 20348
20173
20182
20416 20616
20218 20219 20418 20419
20220 20221 20420 20421 20422 20423 20620 20820
20222
20223 20224 20424 20624 20824 21023 21024
20225
20245
20257
20270
20275
20276
20286
20296
20299 20300
20512
20315
20325
20532 20533 20534 20535 20732 20733 20734
20344
20346
20357
20367
20380 20381
20382
20392
20393
20395
20413 20414 20613 20614 20814 21014
20425
20443 20444 20445 20643 20644 20645 20845
20461
20462
20465
20466
20475 20675 20676
20476
20485
20492 20493 20692 20693
20494 20495 20694 20695 20696 20896
20496
20901 21100 21101
20503 20702 20703
20510 20710 20711 20910 20911
20539
20543
20548
20549
20564
20565
20568
20573
20578
20618 20619
21221
20622
20623
20666 20667 20867
20685 20885
20699
20700
20720
20726
20748
20749
20760
20768 20968 21167 21168
20772
20773
20778 20779 20780 20980
20783
20808
21012 21213 21413 21414 21415 21614 21615 21814 21815 22013 22014 22213
20817 20818 21017 21018
20819
20823
20853
20860
20861
20873 20874 20875 20876 21075 21076
20877 20878 21077
20895
20904
20905
20909 21109 21110 21111
20916 20917 20918 21116 21117 21118
20922
20926 20927
20928
20929
20935
20949
20955
20957 21157
20966
20967
20986 21186
20996 21196 21396 21397 21398 21399 21598 21599 21798 21799 21999 22199 22399
20997 20998 20999 21197 21198 21199
21003
21008 21208 21209
21009
21010
21057 21256 21257 21456 21457 21656
21058
21059
21065
21072
21073
21074
21078
21087
21089 21289
21126 21127 21128 21129 21130 21327 21328
21133 21333
21135
21158 21159 21358 21359
21205 21405
21210 21211 21409 21410 21609 21610
22420 22437 22621 23637 23638 23838
21235 21435
21242 21243
21307 21308 21507
21356
21357 21557
21373
21454
21459
21465
21469
21484
21497
21501
21503 21702 21703 21704
21515 21715
21519
21533 21733
21540
21549
21559
21575 21775
21586
21796
21603
22004 22203 22204 22402 22403 22404 22604
21612
21617
21640 21840
21644
21648
21655 21855 21856 22055
21657
21663
21676
21678
21701
21716 21717
21727
21734
21749
21961
21762
21772
21793 21993 21994 21995 22195
21800 21801
21807 21808 21809 21810 21811 22007 22008 22207 22208 22407
21812
21817 22017
21823
21824
21826
21872
21911
21912
22134
21936
21939
21942
21951
21978
21997 21998 22198
22023
22024 22224
22031
22040
22046
22061 22260 22261 22262
22068
22081
22082
22083 22283
22086
22104
22111
22130 22131
22178
22180 22181 22182 22382
22189 22389
22193
22194
22196 22197 22396
22200
22409
22210
22615 22814 22815
22216 22217
22243
22254
22269
22286
22329 22330
22331 22531
22335
22345 22346
22547 22548
22350
22351 22352
22353
22369
22372
22390 22391
22397
22398
23011 23210 23211 23411
22424
22433 22633
22442 22641 22642
22446
22469
22870
22504
22505
22518
22527
22529
22530
22550
22553
22567 22568
22569 22769 22969
22590 22591
22598
22599 22798 22799 22998 22999 23197 23198
22607 22807
22612
22627
22630
22631
22645
22663 22863
22669
22672
22683
22695 22895 23095
22702
22703
22705
22716
22751
22793
22806
22808 22809 23008
22852 23052
22860
22868
23282
22883
22884
22890
24094
22902
22903
22937 23137
22947 23147 23347 23546 23547
22948
22949
22983
22985
23002 23003 23202
23007
23016 23215 23216 23414 23415 23416 23616
23034
23036
23040 23240
23046 23246 23446 23447 23646 23647
23062
23071 23271 23272 23471 23472
23083
23285 23286 23287 23288 23485 23486 23487 23488
23094
23096 23296
23113
23133 23134 23333 23334 23335 23336 23535 23536 23735
23733 23933 23934 23937 24134
23139
23140 23141 23340
23345
23148 23348
23149
23170
23177
23185
23199
23406 23407 23606 23607 23806 24006 24206 24603 24604 24802 24804
23214
23219 23220
23247
23276
23280 23480
23299 23300
23306
23323 23523 23723
23324
23325
23331 23530 23531 23729 23730
23339
26745
23342 23343 23542 23543
23369
23385
23393
23400 23600 23800 23801 24000
24823
23422 23423
23430
23432
23454
23483 23683
23501 23502 23503
23534
23537
23539 23540
23548 23747 23748 23749 23949
23550
23559 23759
23565
23583
23588
23604
23617 23816 23817 24015 24016
23623 23624
23659
23663
23668 23669
23680 23681
23682
23704
23724
23731
23739 23939
23740
23750 23751
23752
23753 23952 23953 24152 24153
23755
23760 23761
23775
24201 24401
23812
23813
23826
23829
23830 23831
23842 24042
23849 24049 24249
23873
23890
23897
23904 23905 24104 24105
23912
23914 24114 24314
23921
23946
23947 23948
23993
24003 24203
24012 24013 24212
24033 24232 24233 24433
24034 24035 24234 24235
24243 24443 24444
24072
24084
24087 24287
24090 24091 24291
24131 24132
24146
24147 24148 24346 24347
24158
24181
24183 24184
24215
24231
24272
24279
24284
24285 24286
24309 24310 24509
24311 24312 24313
24315
24333
24351
24364 24365 24564 24565
24370 24570 24571 24572 24573 24769 24770 24771 24772 24969
24978
24376
24391
24392
24405
24408 24409
24431 24432 24631 24632
24434 24435
24453
25053 25847
24462
24465
24474
24476 24477
24479
24480 24680
24485
24486 24487 24686 24687 24886 24887 25087 25287 25288 25487
24501
24502
24503
24510 24511 24512 24513 24514
24533
24537 24538 24539
24554
24566
24585
24587
24600
24609
24617 24817
24633
24634 24635 24834 24835
24672
24674
24684 24685
24689
24694
24695
24711 24911
24739
24751
24773
24774 24974
24782
24799
24800
24815
24832
24833
25438
24840
24842
24843
24860
24884
24885
24895
24903
24924
24927
24935
24950 24951
25168
24972 24973 25172
24985
24996
25000
25001
25003
25043 25044 25243 25244
25066
25068
25070
25085 25086 25285 25485 25486 25685 25686
25100
25111
25112
25124
25125
25126
25132
25140
25154
25166
25185
25186 25385 25386
25187
25197
25200 25201
25204
25245
25246 25247 25446
25250
25251
25286
25291
25304
25310
25311
25312 25510 25511 25512 25710 25711 25911
25317 25318
27523
25331
25332
25344
25346
25354
25361 25362 25363 25561
25380 25381
25384
25400
25401
25445
25480
25481
25488
25489 25490 25687 25688 25689 25690 25886 25887
25517
26118 26317 26318 26514 26515 26714 26914 27113 27114 27313 27512 27513 27712 27912
25520
25533 25534
25541
25548
25549
25553
25962
25563
27956 28155 31933 32328 32745 32944
25566
25567 25568
25569
25781
25583 25584 25585
25599
25600 25601
25612
25614 25814 25815 25816
25615
25616
26029 26228 26229
25631 25831
25635
25649
25652 25653
25676 25677
25895 26095
25712 25912
25722
25734
25735
25746 25747 25748 25749 25750 25946 25947 25948 25949
25757
25759
25761
25967
25768
26778 27968 28167 28168 28365 28366 28367 28565 28762 29768
25779
25791
25795 25796
25799
25813
25822
26040 26240 26241 26242 26442 26443 26842 27042 27242
25859 25860 26058 26059 26258 26259
25861
25874
25888 25889
25890
25913
25917
25919
25933 26133
25934
25950
25955
25976 25977 26176 26177 26376
25982 25983 26182 26183 26382
25984 26184
25985
25996 25997 25998 26196 26197 26198 26199
25999
26021
26625 26824 26825 27024 27025 27224
26031 26231
27233 27234 27432 27433
26060
26061
26069 26269 26468 26469
26077 26276 26277 26278 26279 26280 26281
26088 26288
26089 26090 26289 26290
26104 26304 26504 26505 26704 26705 26904 26905 27105
26707 26907 26908
26134
26150
26158 26159 26160
26165 26166 26365
26185
26189
26202
26207 26406 26407 26606 26607
26213
26226
26234
26236 26237
26244
26645
26249
26256 26257
26260 26460 26660
26493 26693 26694 26894 27094
26297 26298
26305
26307
26311 26312
26322
26336 26337
26351
26358 26359 26360
26361
26362
26567
26368
26369
26372
26395 26396 26397 26398 26399 26595 26596 26597 26598 26599
26402 26403
26408
26410
26415
26416
26434
26461
26476 26477 26676 26677 26877 27077
26478
26479
26487 26488
26495
26496
26508
26509
26510
26511
26512 26710 26711 26712 26910
26532
26536 26736 26936 26937
26541
26555
26558
26559 26560 26760
26562
26564 26565
26571 26771
26572 26573 26772 26773
26582 26782 26783
26591
26592
26600
26605 26804 26805
26613 26614 26615 26814
26633 26634
26640
26641
26678
26679
26688
26709
26716
26717 26917
26718
26751
26770
26796 26797 26798 26799 26998
26806 26807
26812
26813 27011 27012 27013
26828
26830
26832
26848 26849
26852
26884
26896 27096 27296
26911 26912
26916
26918 26919 27117 27118
26929 27129
26951
26960 27160
26972 26973
26975
26982
26983
26991
26996
26997
26999
27030
27036
27037
27040
27044 27045 27244 27444
27046
27047
27250
27453 27454 27653 27654
27055 27056 27255 27256
27061 27062
27070
27084
27085
27091
27097
27116
27127 27128 27328
27533 27732 27733 27933
27137 27337
27163
27173
27374
27181 27182
27183 27383
27193 27194
27195 27196 27197 27395 27396
27198 27199 27399
27216 27416 27417
27227
27230
27240 27440
27245 27246 27247 27248 27445 27446 27646
27269 27270 27271 27470 27471
27291
27292
27295
27302 27303 27502 27503 27504
27304
27315 27316 27317 27318
27335
27336
27349 27548 27549
27363
27382
27398
27427 27627
27441
27447 27647
27459
27462
27472
27473
27480 27680
27491 27492
27509 27709
27515
27516
27736
27537
27542 27543
27553 27554
27563 27564
27566
27570
27571
27572 27772 27972
27575
27581
27582
27589
27596
27598 27798 27799 27998 27999
27599
27600
27604 27605
29209
27612
27613
27614
27635
28038 28437 28636 29236
27645
27649 27849
27650 27850
27651
27656
27869 28069 28073 28269 28270 28272 28273 28470 28471 28472 28670 28671
27671 27871 28071
27672 27673
27703
27710
27714 27715 27716 27914 27915 27916 28114 28314
27741
27943 27944
27746 27747 27748 27946
27750
27760 27960
27762 27763 27764 27962 27963
27771
27777
27778
27800 27801
27813 28013 28014 28213 28214
27814
27821
27829
27835
27845
27857
27866
27867 28067
27880
28288 28289 28486
27895
27898
27907
27909
27910
27927
27947
28000 28001
28004
28408
28027 28028 28029 28227 28228 28427
28031 28032
28035
28054 28254
28082 28083 28282 28283
28090 28091 28092 28291 28292 28293 28491 28691
28094
28095
28096
28113 28313
28115 28116
28327 28328 28528
28346
28159
28160
28161
28174
28181
28182 28183 28382 28383 28582 28583 28782
28199
28200
28201 28401 28601
28212
28219
28221
28235
28240
28241
28263
28264
28276
28285
28310 28311 28312 28512
28531
28333
28360
28376 28576
28379 28579
28380 28381 28580 28581
28585 28785
28399
28400
28419
28428
28431
28444
28450
28451
28452
28453
28678
28482 28483
28492 28692 28693 28892 28893
28513
28520
28551
28557 28757 28758
28558
28587
28594
28595
28600
28616 28617
28618 28816 28817 28818
28626
28627 28628 28629 28828 28829 28830 28831
28640
28661
28680 28681 28682 28683 28880 28881 28882 29080
28687 28688 28888 29088
28689
28697 28897
28699 28700 28899
28712
28713
28720
28722
28737
28739
28745 28746 28747 28748 28749
28751 28752 28753
28769 28770 28969
28771
28781
28787
28789 28790 28791 28792
30985 30986 31185 31186 31385 33788 33987 33988 34186
28795 28995 28996 29196
29001 29201 29202
28819
28827
28838 29038
28839 28840 29039 29040 29239 29439 29440
28844
28861 28862
28877
28883
30489 30686
28891
28898
28900 28901
28928 28929
28934
28936 28937 29136 29137 29336 29337 29537
28938 28939 28940 29139 29140 29340 29341
28947 28948
28952
28970
28984
28989 28990
28991
28998 28999 29199
29013
29016
29017 29018
29021
29226 29227 29426 29427 29627
29831 30031 30231 30431
29030 29031
29032 29033
29041 29241
29071
29081 29280 29281 29479 29480 29481 29679
29082 29083 29084 29085 29282 29482
29095
29097
29098
29099 29298 29299 29498 29499 29698 29699 29898 29899 30098
29111
29117 29118
29138 29338 29339 29538 29539
29143
29151
29154
29155
29164
29166 29366
29175
29382
29186
29188 29386 29387 29388 29389
29189
29213 29413
29216 29217
29231
29233
29240
29254 29255
29256
29279
29288
29292 29492
29295
29304
29307 29506 29507 29706 29707
29312
29314
29344
29352
29558
29371 29372 29571 29572
29384 29385 29584 29585 29586
29396
29397 29597
29403 29603 29604
29404
29424
29429 29629 29828 29829
29431
29457 29458
29476 29477 29676 29876 30076
29501 29701
29510 29511 29512 29513 29712
29528
29531
29546
29550
29561
29599
29613
29617 29817
29621 29622 29623 29624 29821 29822 30022
29625
29649
29650
29666 29866
29669 29869 30069
29677 29678 29877 29878 30077
29680 29681 29881 30080 30081 30280 30281
29693 29893
29713
29750
29753 29754
29782 29783 29784 29983 30183
29785
29786
29794
29804 29805 30005
29806 30006
29807 30007
29814 29815
29818
29823 29824 30023 30222 30223 30422 30423 30424
29833 29834
29862 30062
29863 29864
29865
29879
29880
29887
29912 30112
30313
29915 29916
29924
29946
29957
29960
29972
29975 30175 30176
29977 30177
29978
29979
29984
30004
30009
30013 30213
30015
30018
30019
30020 30021
30226 30227 30228 30427 30428 30626 30627 30628 30824 30825 30826 30828 31427 31428 31628 31629
30033
30034 30233 30234
30057
30263
30075
30094
30115 30315 30316 30516
30121
30122
30126
30133 30333 30533
30142
30145 30345
30146
30160 30161
30166 30366 30565 30566 30765
30187
30188
30192
30195
30199 30399 30599
30205
30218 30219
30247 30248
30250
30268 30468
30269
30270
30271
30294
30301
30326
30339 30538 30539 30739 30740 30741 30742 30940 30941 31140 31141 31340
30340 30341 30342 30540 30541
30746 30747 30946 30947 31145 31146
30346
30352
30371 30372
30383
30408 30607 30608
30417
30419
30425
30442
30444
30447 30448 30647 30648 30847 30848
30457
30467
30481
30494
30506
30714 30915 30916
30515
30542
30548
30555
30561
30579
30580
30581
30591
30597
30600 30800 31000
30641
30644
30712
30727 30728 30926 30927 30928 31128
30733
30744 30944
30757 30957
30766
30770
30776
30780
31802 32002 32202
30808
30819
30821 31020 31021
30822
30830 30831
30832 30833 31030 31031 31032 31033 31230
30841
30846
30876 31076
30904
30929 30930 31129
30936 30937 31136 31137
30942
30952
30960
30961
30969
30979 31178 31179 31379 31579
30980
31001
31004
31013
31014 31015
31823
31027
31029 31229
31036 31235 31236 31435 31436
31096
31101 31301 31501
31125
31126 31127
31130 31131 31330 31530 31531
31142
31148
31158
31159
31160
31161
31162 31362
31177
31180
31195 31395 31396 31595
31200
31201
31220 31221
31224 31225
31240
31244 31443 31444
31257 31258 31458 31459 31460 31658 31659 31660
31266
31276
31320
31325 31326 31525
31327
31328 31528 31529
31329
31331
31344
31355 31356 31556
31559 31962 31963 32163 32164 32165 32364
31372
31377 31378 31577 31578
31400
31401
31404
31808 32008 32009 32210 32226 32425 32624 32823 32824 33024
31419 31420 31619 31620 31818 31819 31820 32018 32020
31421
31423
31424
31425
31430
31637 31837 31838 32237
31441
31463 31464 31465 31663 31664 31863 31864
31466
31483
31503
31512 31712
31514 31515 31715
31518 31519 31718
31520
31527
31537
31546 31547
31551
31581
31621
31625 31626
31631 31632
31635
31644
31651
31654
31665
31666
31672 31673
31691 31692 31892 31893 31894 31895 32092
31693
31694
31698
31707 31907
31719
31725
31752 31951 31952
31753
31760
31761
31779
31788
31790
31791
31795
31797
31805 32005
31811
31821 32021
31825
31831 31832 32032
31833 32033 32233
31840 31841 32039 32040 32239 32438 32439
31844
31859 31860
31879
31898 32098
31899 32099
31953
31960 32159 32160
32176 32177 32178 32377 32378 32578
31982
31999 32199
32016
32017
32019
32031
32034
32036
32041 32240 32241 32440 32441
32046
32054 32254
32063
32068
32074
32093 32293 32294
32094
32107
32111
32146
32149
32559
32161
32173
32181
32182 32381 32382 32582
32205 32404 32405
32206 32406
32223
32231
32232
32234 32433 32434 32632 32633
32242 32442
32274
32279
32280 32281
32288
32296
32499 32500 32699 32700 32900
32301
32310
32311
32321
32335 32535
32340
32343
32352
32353
32354
32629
32432
32435
32454
32455
32488
32954
32552
32557
32576
32583 32585 32783 32784 32785
32586
34412 34611 34612 34812 38413 38612 38613 38811 38812
32608 32609
32634
32637 32638 32639 32640
32641 32642 32842
32694
32695 32895
33697
32713 32714 32913 32914 33113 33114
32731 32732
32735
32756 32757 32957 33157 33158 33357 33358
32762
32763 32963 33162 33163
32765
32772
32779
32781
32782
32799
32805
32811
32812 33012 33013 33014
32827
32830
32832 33032
32839 33039 33040
32840 32841 33041 33042 33242 33243 33443
32843
32849
32863
32864 33064 33065
32889
32890 33090 33289 33290 33489 33490
32929 33129
32948
32951
32959
32992
32996 32997 33197 33397
32999
33010 33011
33027
33028
33029 33229 33230 33231 33232 33431
33030 33031
33034
33043
33046
33047
33057 33058 33059
33470 33671 33871 33872
33068
33079 33279
33088
33089
33095
33098 33099
33703
33102
33115 33116
33125 33126 33325
33150 33151
33170 33370 33371
33171
33190 33191
33227 33228
33233 33234
33248 33448 33449 33648
33274
33293 33294 33295
33311
33339
33359
33572
33374
33375 33575
33381
33394
33398 33399 33598 33599 33798
33414 33415 33614 33615 33616
33417 33617
34027
33630
33432
33433
33634
33442
33460 33660 33661
33461 33462 33662 33663
33464
33482
33494 33495 33694
33506
33507
33510 33511 33512 33711
33524
33534
33539 33540 33740
33541 33542 33543 33741 33742 33743 33939 33940 33941 33943 34140 34141 34142 34143 34339 34340 34539 34540
33546 33547 33746
33553 33753
33554
33555
33556
33583
33597
33600
33604 33605
33610
33624
33625 33626 33826
33643
33849
33651
33656
34056
33659
33664 33864
33667 33668
33674
33715
33932 33933 34132
33744
33749 33947 33948 33949 33950 34147 34148
33768
35970 35971
33773
33775
33780 33781
33783
33799
33817
33825
33842
33844
33851
33875
33876
33877
33879 34077 34078 34079
33893 33894 34094
33900 34100
33918
33935 33936
33937
33938
33942
33944 33945
33946
34050
34076
34490 34491
34095
34299
34101 34301 34302 34303 34501 34502 34503
34106
34126 34326 34526
34127 34327
34130
34134 34135
34136 34137 34138 34139
34146
34149 34349
34150
34162
34171
34173 34373
34193 34392 34393 34593 34793
34228
34230
34245
34247
34255
34261 34262 34263
34270
34276 34277
34289
34294 34493 34494 34693 34694 34695
34295
34317
34324
34325
34329
34335
34336 34337 34338
34341
34345
34346
34347 34348 34547 34548 34549 34747 34947 35147
34358
34374
34401
34433 34633 34634
34434
34441
34442
34445
34655
34468 34667 34668
34697
34504 34505
34910
34538
34541 34740 34741
34582
34603 34803
34604
34618
34635 34636
34640 34641
34709
34715 34716
34717 34718
34719
34723 34724
34725
34926 35126
34739
34763
34766
34776
34781 34782
34789
34800 35000 35001 35200 35201
34801 34802
34804
34805
34818 35018
34823 35022 35023 35221 35222 35223 35420 35421
34826
34834 35033 35034 35233
34840 34841
34856
34867
34875
34876 34877 34878 35075 35076 35077 35078
34884
34891
34908
34935 34936
34959
34966
34972 35172
34976 34977
37186 37187 37386 37585 37586
34997
35397 35398
35002
35003
35026
35115
35116
35122
35124
35129
35130
35131 35132
35146 35345 35346 35545
35148 35348
35152 35352
35158
35163
35167 35168 35169 35368
35179 35379 35380
35191
35199
35202
35204
35231
35232
35234 35235
35248 35249 35449 35450
35260 35261
35262 35462
35474 35475 35675
35286 35486 35487
35287
35302 35303 35304 35501 35502 35503 35504
35307
35327
35329 35330 35529 35530
35347
35349
35394 35594
35400
35401 35402 35601
35409
35416
35422
35423
35448 35648
35451
35453
35471
35544
35546
35547
35577
35580
35583
35585 35784 35785 35984 35985 36185
35587
35588
35595 35596
35600
35607
35625
35626
35641
35649
35659
35666
35681
35683
35686
35698 35699 35898 35899
35707
35708
35739
35740
35741
35753 35754
35792 35992
35794
35795
35796 35797 35798 35995 35996 35997 35998
35811
35819
36035 36234 36235 36434 36435 36436
35840
35845
35866
35906 35907
35908
35915
35953 35954
35977
35993 35994
36013
36040 36239 36240 36439 36440
36041
36072
36086
36093
36101
36102 36302
36506
36107 36108
36111
36552
36152 36153 36154
36155
36165
36175
36176
36184
36194 36394
36396 36397 36398 36595 36596 36794 36795
36214
36224
36428 36628
36840 36841 37040
36252 36452 36453
36276
36277
36294 36295 36495
36304
36305
36339 36340 36539 36540 36738 36739 36938 36939 37136 37137 37138
36348 36349
36353
36354 36355
36374
36379
36380 36580
36382 36383
36402
36405
36418 36618
36424
36425
36430 36630
36457 36458
36470 36471
36476 36676
36499
36503
36537 36538
36579
36588
36602 36802
36604 36605
36623
36637 36837
36656
36657 36658
36670
36675
36677
36699
36700 36900 37100
36713
36714
36719
36724
36737
36743
36753
36761 36762 36962
36763
37566 37766
36774 36775 36776 36974 36975
36781 36782
36784
36998 37197 37198 37397 37398 37597
36827
36829
36830
37236
36838
37043
36845
36866
36875
37097 37098
36906
36910
36911 36912
36923
36924 36925 36926 37124 37125
38363 38562
36967
36968
36973
36976 36977 36978 37177
36981
37011
37019
37023
37026
37027 37028 37029 37226 37227
37030
37046 37047
37066
37091
37105 37106
37107 37108 37109 37308 37309
37112
37115
37123 37323
37161
37166
37174 37175 37374 37375 37574 37575
37178
37791 37989 37990 37991 37993 38188 38189 38190 38388 38390 38391
37200
37639 37640
37244
37445
37264
37284
37307
37324
37343
37348 37548
37349 37350
37364
37377
37382
37390 37590
37392 37393
37409
37411 37610 37611
37418 37616 37617 37618 37816
37424
37438
37442 37642
37443
37467
37468 37469 37470 37667 37668 37669 37670
37474 37475
37477
37478
37501
37527
37528 37529
37547
37554
37559 37560 37759 37959
37561
37592
37593
37619
37643
37652
37657 37857
37678
37679 37879 37881 38079 38080 38081
37684 37884
37698 37898 38098 38099
37699 37899
37714
37726
37727
37752
37753 37754 37755 37756
37760 37960
38775 38781 38978 38979 38980 39179 39373
37781 37981
37782
38195 38196 38197 38198 38396 38397
37798 37799
37801
38203 38204 38402 38403 38602 38603 38802 39002 39003 39204
37817 37818
37825
37828 38028 38029
37829
38241 38242 38441 38442
37843
37844
37845
37852
37853
37854 38054
38069 38070
37877 37878
37880
37889 37890 38090 38091 38289 38290 38489
37891
37910
37914
37917 38117
37919 38118 38119
37920 38120 38319 38320 38321
37934
37943
37948
37949
37952 37953
37954
37961
37965
37976
38043
38044 38244 38444
38047 38048
38053
38064
38077 38277
38089
38092 38291 38292 38293 38493
38300 38501 38700 38901
38101
38123
38124
38125
38135 38136
38549 38750
38151 38152 38351 38352
38153 38154
38157 38158 38356 38357 38358 38558
38159
38171 38371
38174
38192
38200
38233 38433
38239
38246
38253 38254
38456 38656 38657
38262
38265
38282
38288
38695 38896 39095 39292 39294
38296 38297
38318 38518 38519
38374
38386
39038 39235 39238
38436
38453 38454
38458 38459
38469 38470 38668 38669
38476
38488
38520 38718 38719 38720 38721
38523
38524
38537
38542
38557
38586
38589
38794 38994 38995 39193 39194 39392 39393 39593
38598
38599 38799
38644
38660
38688 38886 38887 38888 39085 39086 39087 39088 39089
38689 38889
38702
38727 38927 38928
38733 38933
38759
38770
38784
38790
38791 38991
38792 38992
38796
38805
38846 38847 38848 39047
38852
38877
38878
38893
38918
38932
38964 38965
38968 38969 39168 39169
38984
38988
38989 38990 39190
39398 39596 39597 39598 39796 39797 39798
39017
39225 39226 39426 39430 39625 39629 39630 39631
39030
39031 39231
39042
39044
39045
39048
39050
39058
39061
39063 39263
39070
39078
39098
39099 39299
39107
39108
39149
39153
39154
39176 39376 39377
39196
39200
39218
39223 39423 39424
39229
39242
39243 39244 39443 39444 39640 39643 39644 39840 39841 39842 39843
39256
39264
39277
39278 39478
39286 39287 39288
39289 39488 39489 39688 39888
39298
39315
39338
39347
39348 39349
39350 39549 39550 39749 39750
39758 39759
39362
39367
39368
39369
39381
39382 39582
39400
39420
39421 39621
39458
39461
39467
39469
39471
39479 39480 39679 39680 39879 39880
39483 39484 39684
39515 39516 39517 39518 39717
39528 39529
39531 39731 39732 39931 39932 39933
39548
39551 39552 39751
39554
39555 39556
39591 39791
39600
39603
39617
39627
39645 39845 39846
39647
39650 39651 39652
39658
39668
39669 39670 39671 39870
39677 39678 39877 39878
39689
39693
39695 39696 39697 39895 39896 39897 39898
39716
39730
39755
39756 39953 39954 39955 39956
39769
39770 39771 39969 39970 39971 39972 39973
39779
39782
39783
39784
39785 39786 39984 39985
39800
39804
39818
39820
39827 39828
39836 39837
39844
39847
39851 39852
39865
39866
39869
39871
39889
39908
39915
39916 39917 39918 39919 39920 39921
39924 39925 39926
39929
39930
39934
39935
39936
39940 39941
39942
39943
39944
39945
39946
39974 39975
39976 39977
39981 39982
39983
39986
39987
39994 39995
