201
4 5 204 205 404 604
207 406 606 607 609 807 1207 1408 1608 1609 1808 1809 2008
10 11 209 210 211 411 611
415 616 618 817 818 819 1020 1221
17 18 217
19
20 21 220 221
22 23
224 226 227 423 427 428
28
1435 1634 3031 3032 3230 3232 3428 3429 3433
35 36
237 238
40
41
42
441
45 245
46 47
48
49
50 51 52 53 250 252 253
54
455
59 259
2063 2262 2263 5445 5646 5847
65
66 67 266
71 271
72 73
74
75
279 280 285 286 476 478 484
83 84
10782 10783 10983 10984 11184 11185 11385 14175
98 99 298 299
100 101
104 105 106 304 305 306 504
107
114 115
123
327 527
129 329 529 530 729 730 929 930
130 131 331 332 532 533 534 732 733
132
133
134 135 334 335
136 336
338 339 341 538 539 540
140
1144 1345 1545 1546
151
152 351 352
156 356 556
358 359 558 559 758 759 958 959 1358 1359 1560
161 162 163 361 362 561 562 761 762
164
165 166 167 168 170 367 368 369 370 569
169
171 172 371
182 183
184
185
388 588
190
391 392 393 394 592 593 792 793
196
197
198 199
203
219
229
234 235 434 435
244
251
260 459 460 659 660
272 273 473
277
293 294
300
301
325
330
333
350 549 550 750 950
363
365
366 566
400
402
802
408
410
443 444 643 644
472
493
498
502
525 725
531 731 931 932
535 536
542
552
554
579
595 795
1397 1596 1796
600 800
621 622
635
661
675
679
680
688
691
693
698
704 904 905
711 911
719
728
756
775
780
784 785 786
789
796 994 995 996
804
805
2815 3016
826 827 828 1026 1027
842 1042 1043 1044
843
844 845 1045 1046 1246
846
876
879
897
928
939 940 941
986 987 1186 1187
988
989
999
1000 1200
1001 1201
1005
1008 1009
1032 1033
1041 1241 1441 1641 1841
1104
1117
1118
1157
1160
1162
1163
1177
1181
1185
1788
1190 1390
1191 1193 1391 1392 1393
1192
1211
1238
1240
1242 1442 1443 1642 1643 1842 1843
1445 1645
1264
1265
1314 1514
1315
1322 1522
1326
1336
1377 1378
1380
1381
1382 1582
1385
1400
1401 1600 1601
1404
1410
1416 1417 1418 1419 1615 1616 1617 1618 1619
1447 1647 1847
1448
1461
1475
1493 1494 1495
1519
1523
1524 1525 1526 1527 1725
1541 1542 1741 1742 1941 1942
1553
1557 1757 1957
1574
1575
1576 1577
1590 1591 1592 1593 1790
1599 1799
1614
1623
1624
1630
1640
1649
1650
1658 1659
1677
1693 1694 1893 1894 2094
1695
1703 1704
1719
1736
1743
1758
1766 1767
1791 1991
1792 1992
1793 1993
1800 1801
1858
1870
1886
1891 1892 2088 2089 2090 2091 2092 2093 2289 2290
1901 1902
1939
1943
1989 2189 2389
1990
1999
2401
2005 2205
2010
2018 2019
2020 2021
2037
2042 2043
2044
2045 2244 2245 2444
2047
2083 2084
2097 2098
2135
2136 2336
2144 2145 2344 2345 2544 2545
2152
2157
2190 2390
2191
2207
2210
2218
2225 2226
2229 2429 2430 2628 2629
2232
2242 2243
2301
2309
2313
2323
2333
2339
2357 2358 2557 2558
2368
2374 2571 2572 2573 2574 2771 2772 2773 2774
2791
2391 2392
2394
2395
2396 2596
2407
2410
2419
2445 2644 2645 2646
2446
2453
3272 4476 4477 4677 4678
2482
2494
2495
2508
2517 2518
2719 2917 2919 2920 3116
2520
2532 2534 2732 2733 2734 2735 2932
2533
2543 2743
2554
2556 2756 2757 2957
2576
2577 2578 2579 2778 2779 2978
2988 3188
2592
2594
2595
2597 2598
2599
2622
2658
2659 2859
2714 2914 2915
2715
2740
2744 2745 2945 3145
2746
2762
3394 3395 3593 3594
2797
2798
2799
2800
2805
2836
2878
2886
2897
2907
2930 2931
2933
2934 2935 3133 3134 3334
2939
2943 2944
2956
2960
2968
2971
2985 2986 3185 3186
2997
2998
2999
3003
3008
3023
3040
3048
3069
3489 3688
3092
3110
3118
3135
3147 3148
3150
3162 3362 3363 3562 3762 3763
3206 3406 3606
3207
3236 3237
3241 3441
3255 3455
3278 3478
3292
3501
3314
3315
3317
3331 3530 3531
3341
3342
3344
3361
3578
3385
3407 3607 3608
3411 3412
3647
3487
3503
3515 3715 3716 3717 3917
3516
3517
3518 3718
3519
3520
3527 3727
3561
3563 3564
3574 3575 3576 3774
3602
3625
3651 3652
3659
3665 3666 3667 3668 3865 3866
3670 3870
3671
3714
3729 3730 3731
3735
3775
3776 3777 3974 3975 3976 4174 4175 4176
3779 3780
3789
3797
3819
3831
3843
3845 3846
4050 4249 4649
3853
3858 3859 4057 4058
3860
4067 4267
3871 3872 4071
3881
3882
3913
3915
3916
3918
3929
3943
3946
3957 4157
3963 4163
3969 4169
3970
5571 5978 6179
3973 4173
3977 4177 4178
3998
3999 4199 4398 4399 4599 4799
4000
4001 4002 4003 4004 4200 4201 4202 4400
4042
4045
4046
4048
4059 4258 4259 4260
4060 4061
4062 4262
4069 4070
4072
4075
4078
4081
4087 4287
4097
4111 4112
4116
4117 4118 4318
4133
4134
4140 4141 4142 4143 4341 4342 4343
4148
4164 4363 4364
4187
4198
4203
4204 4402 4403 4404 4405
4231 4232 4233 4433
4252
4257
4661 4861
4269 4270 4469
4672
4281 4481 4681 4682 4881 4882 5080 5081 5082
4282
4294 4295
4300
4304
4321
4339 4340
4349
4351
4355
4369
4375
4382 4383 4583
4393
4996 5197 5396 5397 5398 5595 5596
4396 4595 4596 4597
4397
4412 4413 4612 4613
4626
4453
4457
4466
4482
4484
4486
4487 4687 4887 4888 5087 5088
4493 4494
4520 4720 4920
4521 4721 4722
4555
4559
4560
4561
4564
4573 4773 4973
4582
4584 4784
4585 4785 4984 4985
4587
4589
4598
4600
4617 4618 4817 4818
4619
4630 4631 4632 4633 4634 4832 4833 5032 5033
4651
4669
4686
4688
4703 4903 5103
4706
4714
4715 4915
4716
4741 4941
4742
4982
4798
4803
4819
4827 4828 5027 5028 5227 5228
4829 4830 4831 5030 5031
4836
4842
4848
4859 5058 5059
5876
4916 4917 5116
4919
4939
4942
4943
4945
4946 4947 4948 5147
4970
4974
4994 5194 5195
4998
4999
5002 5003 5004
5018
5019
5023
5024 5025 5223 5224 5225
5026
5029
5042
5048
5049 5249
5053
5060
5079 5279
5115
5119 5120 5319
5142 5143 5342 5343
5165 5166
5170
5173
5177
5179
5183 5184 5384 5385
5185
5187
5188
5204
5221
10631 10830 10831 13433 13434 13435 13632 13633 13634 13635
5229
5630 5831
5250
5251
5258
5259
5260
5662 5863
5264 5265
5266 5466 5665 5666
5280
5287
5294
5295
5308
5315 5514 5515
5326
5337
5338
5339
5340
5355
5366
5377 5577
5379
5380
5381 5382 5383 5583 5783
5386 5387 5388
5400
5403
5410
5421
5428 5628
5431
5458 5459 5460 5461 5658
5464 5465 5664
5478 5479
5480
5490
5496 5696
5506
5507
5508
5509
5538
5539
5556
5579
5584 5585 5784 5785
5600 5601
5604
5619
5620
5859 6059 6259 6260 6262 6460 6461 6462 6464 6661
5660
5703 5903
5714 5715
5756
5762
5794
5797 5798 5998 5999
6001
5802
5808 6008 6009
5810 6010
5826
5865 6065
5866
5867 6066 6067 6266 6267 6466
5868
5880
5901 5902
5938 6138
5949
5952
5972 6172
5974
5982
5992 5993 6192 6193
6195 6196 6197 6395 6396 6397 6595
6003
6023
6041 6042 6043 6242 6243
6052 6053
6054
6057
6061
6064
6068
6079
6083
6095 6096 6097
6101
6103
6116 6315 6316
6132
6149
6152
6157
6158
6166 6366
6171
6174
6182
6191
6200
7404
6217
6223
6228
6233
6274
6281
6295 6296 6297
6322 6522 6722 6723
6323
6324
6335 6535
6347 6348 6548 6549
6349
6350
6365
6375 6376 6576
6377
6382
6399
6424
6436
6443
6469
6480
6493
6506
6507
6521
6550
6590 6790 6791
6599
6600 6601 6602 6802 7002
6641
6645
6658
6663 6863 7063
6669
6680
6689
6693 6694
6709
6725
6734 6735 6934 6935
6743
6744
6756 6757 6758
6779 6780
6793 6992 6993 7193 7393
6796 6995 6996 7194 7195 7196 7197
6998
6799
6800 6801
6838 6839
6847
6857
6858
7860 8870 9069 9070
6862
6864 6865
6870
7072 7272 7273 7274 7472 7473 7474 7674 7675 7875
6880
6893
6906
6923
6954 7154
6955 6956 6957 6958 7157 7158 7159 7357
6960
6979
8206 8406 8407
7003 7004
7217 7617 7618 8017 8018 8215 8216
7021
7037
7040
7048 7049
7056
7062
7064
7080 7280
7096 7296
7113
8718 8719
7126
7130 7330
7531 7729 7730 7930 7931
7132
7143
7144
7145
7355 7556
7167
7181 7381
7182
7199
7206 7406 7606
7210 7410 7610
7813
7220 7419 7420 7620
7221
7227
7229 7230
7231
7240 7440
7242
7249
7253 7452 7453
7297
7300
7301 7302
7303 7304 7503 7504 7505 7705 7706
7541
7345
7361
7394
7397 7398
7997 8197
7400 7600
7407
7411 7611
7414 7614
7415
7416
7424
7442 7443
7449
7450
7469 7669
7470
7501
7502 7702 7902 7903 7904 8103 8104 8304
7527
7543
7561
7633
7638 7838
7639 7640 7839 7840
7648 7848
7850 8250
7655
7686 7687 7688 7887 7888
7698
7703
7704
7707
7712
7722 7922 8122
7726
7727
7732
7733
7937 7939
7738
8144 8344 8345 8544 8545 8546
7752
7754
7755
7759
7961 8161 8360 8361 8560
7775 7776 7975 7976 8175
7782 7982
7795
7805
7809
8010 8211
7815
7816
7819
7824
7829
7830
7841
8073
10281 10480
7885
7889
7891
9088 9089 9288 9289 9290 9291 9490 9491
7893
7895
7901
7905
7906 7907 8107
7912
7919
7920 8120
7925 7926
7927
7934 8133 8134
7935
7947
7948 8148
7949 8149
7952
7953 7954
7980
8008
8023
8038
8048
8049
8065
8076
8080
8081 8082 8282 8482
8099 8299 8499
8100
8105 8106
8123
8126 8127 8327
8132
8135
8140
8146 8147
8157
8158
8191
8200
8219
8220 8420 8620
8223
8280
8281
8291 8292 8490 8491 8492
8293 8493
8294
8300
8302
8303
8326
8348
8385
8400
8402 8602
8410 8609 8610 8809
8417
9413
8432
8646 8845 8846
8476
8480 8481 8680 8681
8484
9683
8494 8692 8693 8694 8695 8893
8495
8497 8498
8500
8512
8515
8528
8531
8550
8553 8554
8573
8595 8596 8795 8796 8994 8995 8996
9605 9805 9806 10005 10204 10205 10403 10404 10602 10603 10802 11803
8601
8604
8612
8614 8615
8630
8648
8665
8696 8697 8897
8703
8706 8905 8906 9105 9304 9305
9509 9709 9710 9910 9911 10111
8710
8712 8912
8731
8734 8934
8757
8770 8969 8970 9169 9170
8776
8779
8802
8810
8814
8817
8827 8828
9029 9428 9627 9826
8834
8848
8849
9255
8857
8876
8880
8881
8882 8883 9083
8907
8910 8911 9111
8913 8914 8915 9114 9314
8932 8933 9133
8945
8946
8950
8967
8971 8972
8978
9179
8984
8985
9004
9010
9027
9034
9035 9235
9036
9037
9038
9050 9250
9057 9058 9258
9059
9062
9101
9106
9107
9112 9312
9113 9313
9124
9134 9334
9144 9145
9152
9160
9163
9367 9567
9171 9172 9173
9184
9185
9189
9194 9393 9394 9593
9195 9196 9197 9198
9209 9408 9409 9608 9609
9210
9221
9226
9227
9230
9236
9237 9437 9636 9637
9238
9645
9242
9244 9444
9247
9251
9257 9456 9457 9656 9657 9857
9316
9317 9517
9325
9326 9327
9333
9356 9357
9371
9372
9373
9374
9381
9598 9798
9397
9399
9447
9474
9513 9514
9516
9533
9550
9562
9594
9602 9802 10002
9624
9629
9631
9641 9642 9841
9649
9650
9654 9854 9855
9655
9658 9858 9859 9860 10060 10061
9660
9674 9675 9676 9677 9876 9877 10077
9694
9703
9716
9775
9793 9794
9795
9796
9809 9810
10211
9818
9822
9824 10024 10025
9828
9849
10254 10255 10455
9874 9875
9878 9879 10078
9898
9921
9922 9923 10121 10122
9936
9945
9955
9967
9968
9986
9993
9994
9995 9996 10196
9999 10199
10001
10014
10016
10018 10019
10028
10029
10047
10053
12858 13058 13257 13258 13457 13458 13659 13860 14654
10068
10076
10088 10089 10288 10289
10143
10154
10157 10158 10358
10159 10359
10168
10188
10189
10194
10208
10216
10221 10421
10222 10422
10224
10225
10226 10425 10426
10228
10234
10252 10452
10286 10287
12699
10292
10299 10499
10333
10389 10589
10390
10399
10408 10409
10450
10487 10488
10494 10694
10498
10504
10513
10514
10556
10557 10558
10576
10590
10591 10790 10791
10597 10796 10797
10598 10599
10610
10617
10651 10851
10654 10854 11053 11054 11253 11254
10665
10668
10676 10677 10876 10877
10690
10692
10742 10941 10942
10745
10746
10752
10756
10757 10758 10957 10958
10798
10799 10999
10805 10806 10807 10808
14005 14205 14625 14825 14826 15026
10811 10812 10813
10821
10836
10839 10840
10856
10882 11081 11082
10894 11094
10898
10925
10927 11125 11126 11127 11325 11326 11327
10928 10929 10930
10952
10956
10975
10976
10993 10994
11794
11004 11005
11006
11011
11012
11020 11021 11022 11220 11221 11222 11420
11023
11038
11045
11664 11864
11066
11090
11299 11496 11498 11499
11106
11113
11114 11314 11315 11316 11317 11514 11515 11516 11517 11518
11128 11129 11130 11328 11329
11147 11347 11546 11547
11152 11352
11154 11354
11156 11356
11167
11170 11370
11171 11371
11172
11176 11376
11177 11377 11576 11577
11192 11392
11193 11393
11201
11204 11205
11216 11217 11218 11416
11225
11226 11426
11634
11245
11251
11256 11257 11258 11259 11457 11458
11266
11267
11279 11280 11479 11480
11682
11282
11288
11301 11501
11304
11309 11310 11509 11510 11710 11711
11311
11312 11313
11598
11401 11601
11417
11418
11421
11425 11624 11625 11626 11627 11628
11433
11439
12880 13080 13081
11476
11478
11483
11502
11511
13112 13312 13313
11513
11524 11525 11526
11531
11553
11555
11558 11559
11568
11612
11613
11616 11617 11618 11818 12018
11629
11644 11843 11844 12043
11653
11654
11656
11657
11685 11686 11687 11884 11885 11886 11887
11697 11897
11706
11708
11718
11721 11921
11724 11922 11923 11924
11737 11937 12137
11751
11755 11756
11779
11797
11799 11999 12199 12399
11813
11816
11817
11819 12019 12218 12219 12418 12419
11827 11828 11829
11835
11839
11840
11879 11880 11881 12078 12079 12080 12081
11883 12082 12083 12282 12283
11895
11896
11905 11906 12105
11910
11915 11916 12115 12116 12315 12514 12515 12714 12715 12914 12915 12916
11925 12125 12126 12326
11928
11942
11989 12189 12389
11990 11991 12191
11996 11997
11998
12000
12016 12017 12215 12216 12217 12415
12039
12040
12056 12256
12067 12068 12267
12084 12284
12085 12087 12285 12286 12287 12485 12486 12487
12086
12096
12103
12104
12106
12114
12124 12324
12129 12329
12144 12344
12148
12158 12159
12160
12200 12400 12600
12205 12404 12405
12214
12439 12639
12248
12255
12257
12281
12292
12303 12304 12305 12503 12504
12309
12313
12314
12316 12516
12358 12359 12360
12368
12391
12392 12592
12393
12606 12607 12608 12609
12816
12434
12441
12444
12450
12459
12467 12667 12668 12867 12868
12472
12483
12484
12538 12539
12557
12558 12559
12570
12571 12572 12573 12574 12771 12971
12583
12584
12599 12799
12604 12804
12626
12631
12636
12644
12663
12671
12672
12684 12685 12884
12686
12719
12729
13389
12792 12992 12993
12800
12802
12803 13002 13003
12810
12820 13020 13220 13221
13022
12841
12845 12846 12847 13046
13064
12863
12865
13274 13473 13474 13672 13673 13674
12876
12886 13086 13087 13286 13287 13486 13487
12891 13090 13091
13294 13495
12923
12929 12930
12934
13151
12966
12977
12980 12981 13181
12982
12999 13199
13029
13041 13241
13467 13666 13865 14064
13068
13069
13088 13089 13288 13289
13103
13118
13127 13128
13129
13133
13157
13177
13180 13380
13196 13197 13198 13396 13397
13214 13414
13229
13242 13441 13442
13262
13269 13469
13277
13285
13290 13291 13292
13307 13507 13508 13509
13308
13321
13324
13528
13350 13550
13751
13369 13370
13381
13399
13417
13423
13428
13453
13454
13461
13464 13664
13485
13488
18102
13490
13491 13691
13492 13493 13692 13693 13892
13505 13506
13519 13719
13520
13525 13724 13725
13526
13538 13738 13739 13938 13939
13554
13585
13600
13622
13623
13624
13653 13654 13853
13655
13669
13679
13682
13685
13886 14285
13697
13698 13699 13700 13899
13705
13709
13715 13913 13914 13915
13720 13918 13919 13920
13741
13742
13749
13769
13789 13790
13796
13827 13828
13839
13854
13855 13856 14054 14055 14056
13889
13912
13948 13949 14149
13958 13959 14157 14158 14357 14358
13960
13982
13993
13999
14011 14012 14013
14039 14040
14048 14049
14058
14066
14069
14070 14270
14083 14282 14283 14482 14483 14682 14683 14883
14084
14087 14088 14089 14288 14289 14290 14488
14090
14117
14318
14119
14120
14121 14321 14322 14520 14521 14718 14719 14720
14138
14182
14593 14794
14213
14219
14247 14446 14447
14248
14249
14255
14256 14257 14456 14457
14262
14269
14271 14272
14273
14276
14277 14477
14278
14287
14310
14320
14328
14333
14368 14568 14768 14968
14369
14385
14395
14430
14431
14861
14465
14469 14669
14470 14670
14872
14473 14474 14673 14674
14481 14681
14491
14506 14706 14707
14510 14710 14910
14522
14525
14527 14727
14556 14557
14963 14964 14965 14966 15163 15164 15165
14584
14990 14991
14835 14836 14837 14838 15036 15038 15039 15438
14641 14841
14647
14684 14685
14699 14899
14713 14714 14715 14716 14717
14721
14725
14732
14769
14792
15396 15597 16395 16594 16596
14799
14816 15015 15016
14832
14840
14842
14852
14876
14877
14884
14885
14913 14914 14915 15113 15114 15115
14916 14917 14918 15118 15318
14929 15129
14949
14969 14970
14980
14981 14982 14983 14984 15182 15183
14986 15186
14988
14995
14997
15007
15009
15217
15020
15034
15042
15047
15062 15063
15068
15071
15076 15077 15277
15080
15089 15090 15289 15290 15489
15099 15297 15298 15299 15497 15498 15499
15100 15101 15300 15301 15501
15109 15309
15110
15112 15312 15313 15314 15513
15116 15117 15316 15317 15514 15515 15516 15517
15167 15366 15367
15168 15169 15170
15179 15379 15380
21591 31122 31924 33929 33930 34129 34130
15184
15214 15215
15234
15235
15237
15240 15241 15242 15440
15247 15447
15262
15263
15270 15271
15272
15276
15287 15487
15288
15296 15496 15696
15310
15315
15342
15345 15544 15545
15360 15560
15377
15383
15389 15390
15391 15392 15393 15591 15592 15593
15407
15416 15616
15419
15431
15434 15435
15436
15441
15442
15451 15651
15459
15470 15670
15476 15676
15500
15569
15570
15574
15777
15606
15631
15667 15668 15868
15674
15675 15875 16075 16275 16276 16475 16675
15687 15887
15697 15698 15898 16098
15699
15701 15702
15712
15717
15731
15744
15745 15746
15750 15950 16150
15769
15790 15791
15792
15793 15794 15795
15815
15816
15820 16020 16021
15822
15829 15830 16029 16030 16229
15831
15832 16031 16032 16033 16231 16233 16431 16631 16632 16633 16634 16831
15838
15839 16039
15851
15876 16076
15879 15880 15881
15888
15912
15934
15935
15943
15948
15949
15958
15962 16162
15963
15965
15975
15976
16002
16009
16045 16046 16245
16048
16071 16271 16272 16470 16471 16472
16081 16281 16481
16090 16091
16092
16129
16136
16148 16149
16376
16177 16178
16185 16385
16198
16199
16200
16206 16207
18814
16220
16221 16222
16223 16224 16225 16226 16227
16228
16230 16430 16630
16265
16277 16476 16477
16282
16283
16295 16296 16495 16496 16696 16896
16298
16308 16309 16310 16509 16510 16709
16321
16326 16526
16353
16372 16373
16384
16398
16399
16400
16407
16413 16414 16415 16613
16416
16420
16427 16428 16429
16441 16442
16443 16640 16641 16642 16643
16450
16485 16486 16487 16685 16686 16687
16488 16688 16689 16889
16489 16490
16694 16893 16894
16523 16723 16724 16923
16525 16725
16527 16727
16729 16926 16928 17126 17127 17326
16530
16531 16532 16533
16553 16753 16754 16952 16953 16954
16556
16566
16567
16568
16572 16573 16771 16772 16773
16575 16775 16972 16973 16974 16975 17172 17173 17174 17175
16581
16584
16985 17185
16589 16590 16591 16789 16790 16791 16989
16599
16611 16612
16629 16829 16830
16635 16636 16834 16835
16670 16870
16671
16702
16703 16704
16705 16905
16722
16745
16748
16752
16762 16763 16962 16963 17161 17162 17163 17363
16764 16964 16965 17164 17165 17365 17366 17566
16774
16779
16783
16788
16799
16806 17006
16825
16828
16832
16833
16840
18627 18628 18828 18829 19029
16904
16920
16921 17120 17121 17320
16922 17122
16924
16934
16942
16948 17148 17348
16955 17155 17156 17356
16988 17188 17189 17190
16990 16991
16995
17025
17229
17028
17232 17233 17234 17432 17434
17059
17066
17067
17079
17087
17089
17095
17103
17105
17123 17124 17323 17324
17529
17134 17135
17147
17154
17560 17760 17761
17159
17195
17196
17226
17256
17259 17260
17265
17266
17270
17277 17278
17290 17291
17292
17298
17299
17319 17518 17519 17719
17321 17520 17521 17522 17523 17524
17322
17339
17340 17341 17540 17541 17741 17742
17345
17354
17355
17364
17367
17370
17381
17443
17454
17458
17466
17477 17677 17678 17679
17478
17710 17712 18110 18310
18917 22286
17538 17539
17554
17564
17565
17567
17578
17582
17583
17588
17589
17597
17603
17604
17616 17816 17817 18017
17633
17646
17647
17662
17669
17670 17671
17672 17673 17872 17873
17683 17883
17694
17714
17717
17718
17735
17736
17740
17764 17765 17964 17965 18164 18165
17782 17783 17982 17983
17788
17789 17790 17990
17797
17798 17799
18009
17842
17846 17847
17850
17864 17865 18064 18065
17877
17894
17896
17911
17927 17928 17929 18127 18128 18129 18130
17930
17931 17932 17933 18132 18133 18333 18533
17936 18136 18137
17940
17941
17942
17945
17947
17958
17969
17980 18180
17981 18181 18380 18381 18580 18581 18582 18583
17989
18597
17999
18016
18038
18040
18062 18260 18261 18262 18263 18460 18461 18659 18660 18860
18131
18141 18341
18147
18148
18158 18358 18558
18162
18163
18187
18198
18199
18206
18252
18264
18285
18287
18291
18308 18508 18509
18328
18329 18330
18331 18332
18339
19165
18575
18390
18400
18401
18605
18408
18432
18436 18437
18455
18473
18485
18487
18493 18693
18495 18496
18498
18567
18584
18594
18619
18621 18622
21036 21236 21237 21647 21648 21848 22049 22250 22855
18655
18657 18658
18661 18662
18692
18695
18708
18750 18751
18758
18782 18783
18784 18984 18985
18793
18804
18835 19035
18854 18855
18857 18858
18864
18866 18867
18873
18880
18881 19081
18908
18924
18938 18939 19138 19139 19338 19538
18942
18943
18956 19156
19358
18983
18990 19190
18991
19020
19036 19236
19044
19066
19067
19068
19483
19084
19090
19095
20298
19108
19112
19141 19142
19170
19185 19186 19385 19386
19189
19191 19390 19391
19197
19200
19803
19207
19607 19608
19210
19218
19219
19220
19234
19235
19241
19242
19252
19256 19257
19258
19259
19260
19477 19873 19874 20073 20081
19280
19286
19295 19296 19495
19306 19506
19307 19507
19322 19522 19721 19722 19921
19323
19732
19332 19333
19339
19362
19375
19397
19621 19822
19425
19426
19442 19443 19642
19447
19450
19475
19486
19895
19498
19499
19501 19699 19700 19701 19702
19502
20723
19556
19963
19562
19577
19610
19611
19631
19633 19634
19665 19865
19672
19694
20103
20106
19706
19715
19747 19947
19753 19754
19755
19760
19764
19771
19798
19811
19819 19820
19831
19833
19834
19841
19854
19860
19876 19877 20076 20077
19878
19890
20091 20092 20290 20291 20889 21089 21090 21290
19922
19926
19934
19943 19944 20143
19955
19956 19957 20155 20156
19958 19959 19960
19966
19967
19977
19986
20007 20206 20207
20008
20210 20410
20218 20219 20220 20221
20030
20041 20042 20043 20044 20241 20244 20441 20444
20051 20251 20252 20253 20452 20453
20075
20078
20085
20086 20087 20287 20288 20487
20089
20110
20111
20119
20122
20124
20134
20157 20158 20356 20357
20159
20160
20162
20167 20168
20201
20205
20208
20212 20412 20413 20414
20230
20231
20233 20432 20433 20632
20242 20243 20442 20443
20248
20254 20454
20255 20256 20257 20455 20456 20652 20653 20654 20655 20656 20854
20263
20272 20472 20473 20673
20275 20276
20277 20477
20278
20284 20484
20285
20286
20494
20324 20325
20395 20595
20400 20600
20401 20601 20602
20403 20404 20405 20603 20803 21003 21203
20406 20606 20607
20407 20408
20451 20651
20459
20474
20486 20686 20885 20886
20488 20489
20501 20502
20503
20509 20709
20516
20519 20520 20719 20720 20919
20521 20522 20721
20524
20526 20726
20533 20733
20534
20535
20536
20539 20739 20939
20541
20750 21954 22154
20557
20573 20574 20773 20774 20775 20776
20576
21406 21408 21605 21606 21607 21608 21609
20605
20618 20619 20620 20621 20818 20819
20640 20641
20659
20672 20872
20687
20702
20736 20737
21539 21739
20741 20941
20771
20772
20784
20794
20800 20801
20802
20805 20806 20807
20808
20857 20858 21057
20868
20873
20887 21087 21287 21288
20891
20904
20908
20920
20921
20924 20925
21147 21346 21347 21545 21548 21749 21948 21949 22548
20952
20955
20957
20960
20961 20962
20971
20972 20973
21178 21179
20982 20983 21182 21381 21382
20987 20988
21000
21001
21002 21202
21007
21014 21213 21214
21022 21023 21223
21044
21056
21093
21150
21154 21155 21354 21355
21156
21157
21173
21183
21200 21201 21400 21401 21600 21601
21412
21222
21252
21254
21255 21453 21454 21455 21654 21655 21854
21256
21263
21265
21277
21280
21283 21284
21299
21308
21310
21323 21523 21524 21724
21324
21329 21529
21349 21350
22151 22351 22352
21365 21366
21376 21576 21776
21402 21403 21602
21426
21442
21462
21463
21464 21664
21468 21469
21470 21670
21471
21480
21483
21510
21525
21571 21572 21771 21772 21773 21971
21578
21614
21659
21668
21669
21694
21710
21711
21736
21737
21746 21747
21752
21755
21760
21798
21800 21801 22000
21813 22010 22011 22012 22013
21814
21815 21816 21817
21823
21832
21833
21868
21869 22069
21926
22127
21933
22337 22536 22736
21937
21940
21943
21946 22145 22146 22345 22346
21952
21956
22158 22159 22559 22759 22760 22761 22762 22960 22961 23160 23161 23361
21976 21977
21978
21998
21999
22004
22021
22222 22422
22025
22039 22040
22068
22070
22076 22276 22277
22077
22101
22122
22123 22124 22125
22133
22147 22347
22170
22178
22183 22184 22383 22384
22194
22200 22400 22401
22204 22205
22206
24826 25024 25025 25224
22811 23011 23012 23211 23411 23412
22213 22412 22413
22214
22215 22415
22224
22225 22424 22425 22426
22226
22235
22239
22261
22262 22263 22462
22312
22316
22349
22357
22388 22588
22394
22402
22414 22614 22615
22427
22428 22628
22429 22430 22629 22630
22431 22631
22432 22632
22435
22444
22445
22460 22461
22471
22472
22496 22696
22515
22527 22528 22728
22538 22738 22739
22553
22557 22757
22566
22596
22599
22600
22601 22602 22801 22802
22603 22803
22604
22619 22620
22624 22824 22825
22625 22626
22627
22639 22640
22660
22690
22695
22715 22716 22717 22915
22721
22750 22948 22949 22950
22752 22753
22783
22788
22799
22800
22814 22815
22817 23017
22826 22827 22828 23026 23028 23029 23030
22829
22830 22831
22832 23032
22839 22840 23039 23040
22843
22865
22871
22891
22899
22902 22903 22904 23102 23103 23104 23302
22905
22906 23105 23106 23306 23307
22916 22917
22928
22932 23132
23139
22947
22958
22978
22983
22989 23189
22990
22999
23000 23001 23200 23201
23019 23219 23220
23031
23062 23063 23263
23074 23274
23084
23096
23107
23108
23109
23129
23149
23158
23163
23169
23170 23171
23214
23217
23218
24839
23239
23245
23259
23266 23465 23466
23284 23285 23485
23287
23288 23488
23296
23297
23305
23317
23318 23518
23522 23721 23920 23921 24119 24120 24319 24719 24918 24919
23323
23340
23359
23363 23563 23763
23365
23372 23572
23391
23396 23596 23597
23404 23405 23406
23425
23448 23648
23449
23451
23463 23663 23664
23474
23480
23504
23516 23716 23717 23916 23917
23517
23519
23520
23524 23525 23526 23724 23725 23923 23924 24123 24124 24321 24322 24323 24521
23540
23560 23760 23761
23564
23573
23586
23595 23795
23604
23605
23614
23625
23627
23628 23629
23634 23834 24033 24034 24232 24233 24234 24434
24060 24262 24263
23661
23662
23672
23679
23681
23705
23719
23723
23728
23740
23796 23797 23798 23998
24196 24397 24398 24598
23814
23825
23848 24048
23853
23861 23862
23863
23866
23872
23889
23904
23913
23943 23944 24143 24343
23961
23980
23982
23990 23991
23992 23993
23997
24014
24036
24058 24258 24259 24459
24070
24074
24075
24080 24280 24281 24480
24085
24089
24090
24094 24095
24104 24304 24504 24703 24704 24705 24903
24142
24157
24163
24174
24176
25001
24204
24205
24207
24236
24237 24437 24438
24242
24248
24257
24268
24274
24279
24288
24295
24296
24305
24324
24331
24365
24378
24381
24392 24393 24592 24593 24792 24793 24794
24603 24803 25004 25204
24407
24421
24432
24433
24436
24442 24642
24444
24458
24460
24461
24481
24503
24510
25114 25313 25314 25315
24513
24517
24520
24522
24523 24524 24525 24526 24724 24725
24527 24726 24727 24927
24557 24757
25356
24578
24582 24782 24982 25182
24583
24584
24588
24589
24605
24606
24607 24608
24613
24636
24649
24651
24652 24653
24663 24664
24679 24680 24681
24906
24716 24717
24733 24734 24735 24934 25134 25135 25334 25335 25336
24747 24946 24947
24754 24954
24783 24784 24983 24984 25183 25184
24797
24805
24806
24816 24817
24845
24852 24853
24854
24869
24877
24886 25086
24887
24888 24889 25088 25089
24890
24892
24912
24916
24922 25122
24933
24935
24936 25136
24953
24970
24977
24978
24992 25192
24993 25193
24994
24997
25198 25398
25007
25017
25041 25241
25069
25087
25092 25292
25101
25103 25104 25303 25503
25108
25509 25705 25706 25708
25120
25133 25332 25333
25144 25145
25158 25358
25170
25174
25175
25775 25975 25976
25177 25178 25378 25578
25186
25206
25207
25208
25230 25231
25232 25233 25234
25236
25440
25256 25456 25656
26456 26656 26657 26856 26857 27055 27056 27256 28654
25267
25274
25289
25295
25304
25307
25330
25539 25739 25740 25940 25941 26140
25341 25342
25343 25344 25345 25543 25743
25377 25577
25379 25380
25401
25402
25406
25407
25417 25617
25419 25619
25431
25432
27038 27039 27040 27239 35655 35856 36057 36258 36457 36458 36656 36855
25438
25442 25443
25457
25467 25667
25485
25498
25523 25524 25723
25528
25732 25733 25932 25933 26133 26733 26932 26933
25534 25535
25541
25542
25545
25572
25597
25605
25615
25618
25628 25629
25672 25872
25673
25678
25694 25695 25696
25730
25749 25750
25765 25964 25965
25772
25773 25973
25784 25785
25797
25798
25802
35207 35208 37015 37017 37216 37415 37614
25813 25814
26015 26016 26017
25819 26019 26020
25835
25841
25855
25865
25867
25868
25884
25896 25897
25914 26114 26314
26136
25943 26143 26342 26343 26542 26543 26742 26743 26942
25947
25948 26147 26148 26347
25949
25961 26161
25966
26000
26013
26021 26022
26040
26044
26055
26067
26068 26268
26082
26083 26084 26284
26092
26097 26098
26110 26111 26112 26312
26113
26123 26124
26128 26129 26328 26329
26130 26131 26330 26331 26528 26529 26530 26531
26144 26344
26146
26164 26165 26364
26193
26198
26199
26200 26400
26208
26213
26223
26227 26427
26228
26235
26236 26237
26244
26245
26248
26260
26265
26269 26469 26669
26272
26282
26490
26291
26292
26294
26308 26508
26311
26313
26334
27137 27337 27338 27538
26341 26540 26541 26740 26741 26940 26941
26346
26348 26349 26548 26549
26359 26559
26365
26370
26376
26399
26410
26417
26418 26419
26432
26446 26646 26647 26846 26847 27047 27048 27247 27248
26651
26459
26461
26462
26464
26467
26468
26475
26482
26488
26501
26512
27315 27516 27517
26514 26515
26518
26591 26791 26792
26594
26599
26600 26800
26616 26617 26618 26816 26817
26653
26663 26664
26691 26692 26693 26694 26891 26894
26704 26904
26707
26712 26912 27112
26716
26729 26929
26730
26731
26755
26796
26801
26818 27017 27018 27019 27217 27219
26844
26853
26892
26893
26902
26926
26928 27128
26974 27174 27374
26988
26992
27411
27020
27050
27051
27052
27059
27068
27074 27273 27274
27106
27131
27141 27142
27144
27145 27146 27147 27345 27544 27545 27745
27150
27159
27167 27367
27178 27378
27191 27192 27193 27194 27391 27392 27393 27394
27206
27218
27223
27231 27431
27261
27277
27333
27344
27347
27358 27359
27363
27382 27384 27582 27583 27584 27585 27785
27385
27417
27628 27827 27828 28027
27430 27630 27830
27443 27444 27642 27643 27842 27843 28043
27447 27646 27647
27654
27465 27466 27665 27666 27866
27467
27481 27482
27485
27495 27695 27696
27497 27498 27697 27698
27499 27699
27510
27511 27512 27712
27524
27534
27554 27555
27573
27599
27620
27631
27632
27633
27635
27636
27657 27857
27658
27679 27879 28079
27682
27689
27700
27710 27711
27721
27731
27756
27774 27775 27975
27776
27784
27786
27787
27788
27792
27812
27813
27814
27818 28018
28031 28032 28033 28232 28431 28432 28630 28631 29030 29031 29230 29231 29431
27846 27847
27848
27849
27853
27864 27865
28268 28468
27874
28098 28498
27907 27908
27919
27940
27941
27943 28143
27949
27974
27985
27986
27992
27996
28005
28012 28013
28048 28049 28050 28247 28248 28249
28057
28058
28059
28060 28061 28062 28259 28260
28064 28264
28065
28066
28074 28075
28096
28100 28300 28500 28700
28104 28105
28108
28112
28113
28119
28140 28141 28341 28342 28541 28542
28142
28144 28145
28168
28169
28171 28371
28180 28181 28380 28381
28185 28385
28394 28593 28994 29194 29195 29196 29197 29394
28213 28413
28217
28224
28228
28229 28429
28230
28234 28235 28236 28435 28436 28633 28634 28635 28636
28237 28238 28239 28438 28439
28246
28255 28256
28257 28258
28261 28460 28461
28463
28265
28271 28471
28302
28304
28315 28316 28317 28515 28516 28517 28717 28718
28318 28518
28336 28337
28343
28344
28345
28346 28546
28347
28561 28761 28762 28961
28566
28369
28370
28372
28373
28374
28579 28780
28386
28396 28397 28597
28411
28412
28417
28418
28437
28447
28451
29260 29460
28459
28465
28476
28477 28478
28482
28494
28503
28519
28522 28523
28530
28534 28535 28536 28537 28736 28737
28540
28545
28547 28548
28549 28550 28749 28750 28751
28563 28564
28595 28596 28795 28796
28598 28599 28797 28798
28617
28637
28638
28647
28650
28651
28661
28664
28676
28677
28712 28713 28714 28715
28723
28729
28730 28930
28735
28738
28740
28741
28744
28745
28746
28758 28759 28959
28765 28965
28767 28768
28772
28778
28818
28820
28823
28829
28832
28833 28834 29034
29437 29637
28837
28838 29038
28839 28840 29039 29040
28843 28844
28845
28848
29049 29249
28851
28852
28866
28873
28885
28892
28893 28894
28914
28929
28931
28932
28936
28940
28956
28963
28964
28967 29167
28975 28976 29176
28979
29014 29015
29027
29033 29233 29234 29434
29051 29251
29052 29252
29654
29057 29257
29066
29467 29468 29667 29867
29071
29073 29074 29075 29273 29274
29083
29091
29092 29093
29131 29132
29140
29144 29344
29348 29545 29744 29745 29746
29151
29156
29175
29580 29981
29192
29199
29203 29204
29207
29208 29209
29217
29228
29240
29247
29256
29263 29264
29302
29315 29316 29516 29716
29317 29517
29331 29332 29531
29336
29351
29354 29554 29754 29953 29954
29356
29359
29360
29566
29391 29392 29591 29592
29598 29796 29797 29798 29997 29998
29402 29403 29602 29603 29801 29802 29803
29406
29407
29408
29417
29428
29433
29464
29501 29502 29503 29702
29511 29711 29712
29512
29532
29538 29738
29547
29555 29755
29569
29577 29578
29605 29805
29606
29625 29626
29630 29830
29633 29634 29833 29834
29640
29646
29649 29650 29849 29850 29851
29651
29662
29664
29670
29671 29672
29677
29719 29919
29740
29749
29752
29753
29778 29779
29787
29804
29806
29821
29832 30032
29835 30033 30034 30035 30234 30235 30434 30435
29856
29857 29858 29859 30057 30058 30257 30258 30456 30457
29861
29862 29863 30062 30063
29864 30064
29870
30071 30072 30271 30272 30471 30472
29911
29916
29943
29952 30152
29979
29989
30001 30201
30006
30010
30014
30044 30244
30045 30245
30056
30059
30060
30061
30091 30291
30117
30150
30200 30400
30230
30243 30443
30645
30259 30459
30260 30261 30460 30461 30661
30262
30263
30266
30278
30314
30316 30317 30515 30516 30715 30716
30329
30338 30339
30342
30380 30579 30580
30382 30383 30582 30583
30391 30591 30790 30791 30990
30398 30598
30399 30599 30798 30799 30997 30998
30403
30404
30414
30617
30423 30424
30425 30426
30436
30447
30450
30458
30462 30463
30483
30485
30487
30488
30514
30517
30525
30547 30548 30748
30559 30560
30574
30614 30615
30622
30642 30643 30843 31043
30647 30648 30649 30848
30650 30651
30659 30660
30662
30687
32684 32685 32686 32884 32885 32886 32887 33088 33090 33289
30706
30717
30737
31169 31370
30774 30775
30789
31996
30796
30797
30808 31008
30822 31022 31023 31024 31222 31223
30823
30824 30825 30826 30827 31025 31026 31225 31226 31227 31228 31428
30834
30835
30836
30876 31076
30913
30935 30936 31135 31136
30956
30970
30975
30989
30999
31003
31004 31204
31013
31014 31015
31018
31021
31027
31039 31239 31439
31050
31064
31065
31073 31074
31075
31082 31083
31105
31106
31110 31111
31735
31145 31345
31188
31189 31190
31203
31205
31212
31213 31412 31413 31612 31613
31214 31215
31218
31231
31232
31234
31235 31435 31436 31437 31635 31636
31236
31243
31245
31250
31263 31264
31294 31494
31295
31296
31300
31301
31311
31313
31328 31528
31383
31395
31398
31399 31599 31799
31403 31404 31405 31406 31603 31604 31605 31803 32002 32003 32202 32203
31415
31418
31427
31453 31653 31853
31467
31472
31487
31489
31500 31501
31537
31542 31742
31555 31556 31557 31755 31756 31757 31758 31958
31562
31564
31581
31586 31587 31786
31588 31787 31788
31593
31606
31610
31650 31850 32047 32048 32049 32050 32248 32249 32250
31654
31660
31665
31668
31682 31683 31881 31882 31883 32081
31684 31685 31885
31686 31687 31886
31694
31699 31700 31900
31719
31737
31751
31800 31801
31802
32804
31834
31835
31848
31854 31855
31865 31866 31867
31868
31873
31875 32075
31884
31887
31945 32145
31956
31957
31963
31978
31984
31985
31989 31990 32189 32190 32389
32009
33222 33422 33423 33622 33623 35227 35421 35621 35622 35821
32031
32053 32054
32055 32056 32255 32454 32455 32456 32458 32459 32656 32657 32658 32659
32060 32061 32062 32261 32262
32076 32275 32276 32476
32077
32082
32083
32095
32111
32166
32167
32181
32185
32186
32191 32192 32193 32392 32393
32206
32217
32222
32225 32226 32426
32228
32233 32433
32247
32254
32673 32873
32277
32280 32480
32310
32541
32368
32385 32585
32388
32792 32992 33193 33393
32406 32407
32427
32431 32432
32440 32640
32450
32457
32460 32461 32462 32463 32662
32464
32465
32467
32470
32477 32677 32678 32679 32877 32878 32879 33079 33278 33279
32489
32497
32513
32517
32543
32544 32545 32546 32547 32745 32746 32747
32548
32549 32748 32749 32949 32950 33150
32571
32810
32617 32817 33017
32622
32623 32823
32625 32825 32826 33025 33026 33226 33426
32631 32632
32633
32655
32660
32661 32861
32663 32664 32863 32864 32865 33065
32665
32676
33299
32700 32900
32703
32704
32713
32714
32726 32926
32732
32750
32790
32818
32832
32854
33056 33057 33258 33259 33260 33459 33659
32858 32859
32860
32894
32895 33095 33096
32902 32903 32904
32908
32939 32940
32945 32946
32947
32961
32963
32985
32990
32994
33031
33075 33076
33077 33078
33094
34500 34700 34701
33503
33103
33123
33126
33149
33152
33153
33154 33155 33353 33354 33553
33156 33355 33356
33161
33190 33191 33391
33207
33208
33209 33210 33407 33408 33409 33607 33608 33806 33807
33215
33243 33244 33444
33245 33246
33253 33452 33453
33255
33267 33268
33275
33276 33476 33477 33478 33676
33277
33320
33326
33336
33365 33565
33372
33378 33379 33579 33779 33978 33979
33386 33585 33586 33587
33389 33390 33589 33590 33789 33790
33402
33403
33413 33414
33837 33840 34037 34038 34039 34238
33442
33443
33445
34257
33461
33468
33469
34483 34683
34093
33494 33694 33894
33495 33695
33500 33501
33509
33536 33736
33540
33543
33571 33572 33573 33770 33771
33584 33783 33784 33983 34182 34183 34382 34383 34583 34783 34784
33602
33603
33605
33606
33613
33628
33630
33674 33675
33679
33684 33685 33686 33884 33885 34085
33693
33698
33708
33735
33742 33743 33943
33744
33745
33759 33959
33760
33772
33785 33786 33985 33986 34185 34186 34384 34385 34386
33787 33987
33793 33993 34193
33796 33996
33797
33801
33802
33805
33832
33842
33879
33882
33883
33886
33888
33905
33946 33947 34147 34347
33948 34148
33950 34150
33957 33958
33960
33961
33984 34184
33992
33994 34194 34394
33995
34018
34024
34026
34027
34042
34046
34053 34054 34055 34253 34254
34061 34261
34064
34073
34074 34075
34076
34084
34088
34089 34289 34489
34090 34091 34290 34291 34292
34102
34103 34303
34104 34105
34123
34136
34154
34777 34778 34976 34977 35175 35176 35372 35375 35572
35197 35396
34246 34247 34248
34264
34270
34272
34275 34276
34279
34288 34488
34304 34305
34307 34507
34310
34314
34321
34323
34338
34349
34358 34558
34366
34398
34399
34401 34601
34629
34439
34451
34454
34461 34462
34665
34467
34889
34492 34493 34692 34693
34494
34508
34509 34510 34511 34512
34914
34534
34535
34536
34538
34540
34554
34568
34569
34571
34584
35001 35201
34603
34648
34668
34669
34686
34687
34710 34711
34712
34713
34734 34735 34935
34736
34744 34745 34746 34747 34748
34753 34754
34769 34770 34771
34795 34995
34811
34814
34819 34820 35018 35019 35020 35218
34830
34831
34846
34857 34858
34859
34866
34868 34869
34896
34897 35097 35098
34904 35104
34910
34926 34927
34944
34953 34954
34955
34963 35163
34984
34989 34990
34991
34994 35194
35014
35022
35023 35223
35030 35031
35043
35247 35447 35448
35060
35064 35264
35068
35077
35081 35281 35481
35093 35094
35108
35118
35128
35147
35352
35159
35180
35249
35265
35267
35268
35271 35272
35275
35498
35314 35315
35324
35327
35328
35348 35349 35549
35357
35380
35382 35383 35582 35583
35384
35385
35393
35430
35435
35459
35486
35487
35489
35527
35536
35539 35540 35739
35543
35566
35578 35778 35978 35979
35580
37182
35588
35589
35593
35612 35613
35617
35618
35625 35626
35685
35714
35726
35736
35740
35746
35761 35762
35765
35766
35767
35779
35781
35797 35995 35996 35997 36195 36196 36197
35798 35998 35999 36198 36199 36398 36399
36003
35812
35813 36012 36013
35817
35830 36030
35835 36035 36036 36037 36235 36236 36237 36437
35868 36066 36067 36068
35880
35891 36091
35905
35940
35946 36146
35947 36147
35948
35956
35958
35974
35986
36028 36228
36029
36038 36238 36239 36438 36439 36638 36639
36041
36047
36090 36290
36696 36697 36699 36897 36898 36900 37101 37300 37301
36095 36096 36296
36098 36298 36498
36106 36107 36306 36307 36506 36706 36707
36129 36130 36328 36329 36529
36132 36133 36134 36331 36332 36333 36334
36137
36140 36340
36156
36164
36179
36193 36194
36200
36206 36207 36208 36209 36406 36407 36408 36409 36609 36610 36810
36216
36222 36420 36421 36422
36229
36431 36630
36241 36242
36245
36249
36253
36263 36264
36268
36295
36299
36312
36313 36314
36317 36318
36323
36324
36330
36335 36535
36347
36352 36552
36370 36371 36570
36372 36373 36573
36375 36376 36377 36378 36379 36576 36577 36578 36579 36580
36383
36395
36797 36798 36997
36397
38637 38836
36464 36664 36665 36863 36864 37063 37064 37065
36471
36477
36478
36480
36481
36482
36492 36493 36693 36893
36503
36513 36514
36515 36516 36517 36518 36519 36520 36521 36715 36716 36717 36718 36719 36919 36920
36522 36722 36922 37120 37121 37122 37322 37522 37523
36523 36524 36724
36530
36532 36732
36533
36534
36590
36595 36795
36599
36607
36608 36808
36611
36621
36622 36623
36632
36644
36674
36680
36681 36682 36881 36882
36703 36704 36705
36708
36720 36721 36921
36725
36733 36734 36934
36738
36809
36823
36828
36832
36861
36873 36874
36884 36885
37094
36905
36906
36907 36908
36917 37117
36995 37194 37195 37395
37207 37208
37030
37051
37066 37067 37267 37268
37085
37090 37091 37291
37096
37099
37108
37111 37112 37113 37114 37312 37313 37513
37115
37119
37140
37141 37341
37144
37158 37358 37359
37187
37198 37397 37398
37199
37211
37234 37235 37236 37433 37434
37843
37244
37250 37450 37451 37650
37263
37264
37265
37266
37295 37296 37297
37305
37306
37310 37311 37511
37314
37315
37316 37317
37330 37331 37531 37731
37352
38175 38375 38376 38576
37796
37424
37431
37435 37436
37446
37457 37458 37657 37658
37484 37683 37684 37883
37492
37493 37494
37695 37696
37514 37515 37516 37517 37715
37530
37553
38154 38354
37555
37558
37566
37572
37585 37785
37619
37626 37825 37826
37831
37635 37835
37646
37670
37691 37692 37891
37693
37699
37707 37708
37717
37732
37755 37955
37758 37957 37958
37766
37778
37780
37784
37787
38392 38591 38791 39190 39390 39590
37798 37799 37999
38406
37852
37853
37854 38053 38054
38456
37857
37858 37859
37860
37899
37908
37919
37939
37952
37972 38172
38009
38227 38427 38627
38028
38631
38059
38060
38061
38062 38262 38263 38264 38265 38463
39278 39477 39478 39479 39480 39481 39677 39679 39680 39681 39682 39683 39684 39685 39686
38079
38094
38095
38096 38097
38118
38138 38139 38338
38144
38147
38148
38149 38349 38549
38178
38196
38212
38220
38233
38235
38242
38248 38448
38251
38259
38260 38261 38460 38461
38276
38279
38296 38297 38298
38303
38304
38330
38337
38346
38347
38356
38368 38567 38568 38569 38767
38389
38400
38415 38416 38615 38616
38419
38420
38421
38441
38442 38443 38444 38445 38642 38643 38644 38645 38842
38446
38464 38465 38665
38475
38488 38489
38512
38519 38520 38521 38719 38720
38543 38544 38743
38564 38565 38765 38965 39163 39164 39165
38566
38573
38583
38587
38594
38994 39194
38600
38620
38824
38629
38641 38841
38652 38653
38699
38717
38721
38726
38728
39556
38752
38753 38754 38755 38953 38954 39154
38761
38764
38766
38773
38785
38787
38788
39402
38814
38819 39019
38820 38821
38828 39028
38829 39029
38832
38843 38844
38853
38869
38879
38885 39085 39285
38889 38890
39091
39508
38930 39130
38955 39155
38964
38967
39174 39374 39375 39573 39574 39773 39774
38978
38979
38984
39185 39186 39384
38987
38988
39021
39023
39026 39027
39031 39032 39033 39232
39039 39040 39041
39042 39241 39242 39243 39441
39043
39044
39045
39047
39052
39053
39060
39069
39071
39079
39080
39081
39086
39087 39088 39089 39286 39287 39288
39111
39140
39148
39171
39172
39176
39205 39405
39209
39433
39238
39639 39640
39249 39449
39254
39260 39261 39262 39460 39461 39462
39282 39283
39284
39289 39290 39489 39490
39292 39492
39302 39303 39503
39311 39511 39512 39711 39712 39912 39913
39315 39515
39344
39351
39361
39370 39371 39372 39571 39771 39971
39378 39379
39382
39420
39448 39647 39648
39691
39493
39497 39498
39504 39505
39525
39530
39537
39741 39742 39743
39570
39778
39579
39585
39586
39593 39594 39595
39606
39608
39616
39623 39624
39627
39631
39636
39643
39644 39844
39671 39871
39673 39674
39675 39872 39873 39874 39875 39876
39698
39699
39719
39721 39722 39723 39724 39725 39920 39921 39922 39923 39924 39925
39736 39936
39737 39937 39938
39745 39945
39746 39946
39770
39776
39788
39808 39809
39810
39811
39814 39815 39816
39827
39833 39834
39835 39836 39837
39843
39846 39847
39855
39878
39888
39889
39893
39902 39903
39906
39911
39914
39918
39919
39939
39944
39947
39955
39958
39984
39986
39987 39988
39989
39998
39999
