202 203 401 402 403 404
206 207 407 408 607 608
9
413
14
17 18
19
20
2848 3047 3048 3247 8344 8543 8742 8941 9105 14700 14701 14900 18455
30
31
35 235
37
40 41
42 43
44 45 244
46
53 54 253 254 454
60
265 466
70 270
71
81 82 280 281 282 482
83 84 85
93 94
97 98
99 100 101
102 103
106
116
121 122 321
123
128
333 532 533 733
132
2340 2540 2541 2740
142
147
152 153 154 155 156 352 353 354
157
158 159 160
2151 2152 2352 2551 2750 3150 5152 5153 5328 5329 5351 5352 5550 5551 5749 5750 5948 5949 6148 8165 8365
168
169
170
771 972
172
173
174 175
6192 6193 6391 6394
177
178 179 180 181 182
183 381 382 383 582 583 782 783
185 186 187
388 389 390 587 588 589
395 596 598 797 798 998 1198 1398
200
209
210
230 430
241
442
245
248
255 455
267 268
271
283
285
698 699 898
309 509
356 357
373
380
385
393 592 593
397
420 421 620 820 821
444
459
471
480 481
496
536
553
556
581
591 791
1603
616
619
621
636 637 638 835 836 1035 1036
639 839 1038 1039
640
641 841
654
655
716
778 976 977 978
790
792 793 992 993 1192 1193 1194 1195 1196
794
795
804
1009 1410 1610
815 816 817 1014 1015
837 838 1037
840
852
867
883
887
901
902
926
931
934
935
1139 1140
948
950
951
952
961 962
987
988 989 1189 1190 1390
990
991
994 995
996
1011 1211
1012 1013 1212
1019 1020
1242 1441 1442 1443 1643 1644
1049
1076
1087 1287 1487 1488 1489
1093
1101 1102
1116
1118
1122
1131
1132
1133
1134 1135
1148
1153
1191
1414
1232
1240
1249
1256
1270
1276
1277
1278
1315
1316 1516
1350
1359 1360
1364 1365 1563 1564 1565
1400
1412
1432
1433
1437
1456 1656
1485 1486 1685 1885 1886 2085
1700 1701 1900
1515 1715
1518
1719 1720 1721 1920
1566
2375
1608
1623
1640
1651
1655
1669
1680
1686
1687
1716
1729
1735
1755
1769
1773
1775 1776
1785
1800
1801 2001 2201
1806 1807
1808
1811 1812 1813 2011 2012
1814 2014 2214
1815 1816
1817 1818
1830
1841 1842
1855
1867
1876
1880 2080 2280
1883
1892
1913
1915 1916 1917
1918
1922
1928 1929 2128 2129 2329 2529 2530 2531
1946
1959 1960 2160
1962
1968 1969 2168
1973
1984
2198
2000
2006 2007 2206
2008 2009 2208 2408 2409 2410 2609
2010 2210
2013
2015
2016 2017 2018
2019 2020 2220 2419 2420
2021
2024
2032 2232
2036
2084 2283 2284
2086
2107
2122 2123 2124 2323 2324 2524
2126
2159
2161 2361 2362
2169
2183 2184 2384
2190 2191 2391
3405 3605
2207 2405 2406 2407 2604 2605 2606
2209
2218
2219
2231
2233
2234
2240
2254 2454 2654
2258
2266
2272
2278
2285
2322 2522
2335
2347
2360
2381
2382
2389
2390
2795 2796
2414
2418
2433 2434
2443
2458
2465
2475
2476
2477
2478 2678 2679
2483
2500
2501
2502
2514
2523
2535 2734 2735 2934
2561
2568
2578 2777 2778
2598
2599
2607
2608
2624 2824
2660
2681 2881 2882 3081
2682
2683
2686 2687 2887
2688
2698 2898 2899
2701 2901 2902
2702
2709
2716
2730
2745
2756 2956
2759
2761
2765 2766 2965 2966
2776
2787 2987
2799
2809
2833
2875
2883 3082 3083
2886
2894
2895 2896
2897
2911 3110 3111 3310 3311 3510
2935
2945 3145 3345
2954
3359 3360 3361 3560 3561 3562 3563 3564
2993
2997
3398 3598
3018
3033 3034
3074 3075
3084 3284
3093 3094 3095 3096
3108 3109
3143
3144
3156
3165 3166
3180 3181
3195
3208
3209 3210 3409 3410 3609
3633
3258 3259 3458
3281 3282 3283
3293 3294 3492 3493 3494
3295 3495 3695 3895 3896
3296 3496 3696
3297
3338
3356
3366 3367 3368 3566 3568 3766 3767
3374 3574 3575
3395 3593 3594 3595 3793 3794
3400
3401
3431
3432
3466
3470
3471
3475
3490
3491
3497 3697
3498
3511 3710 3711
3917
3524
3529
3536 3736 3737
3558
3567
3588
3600 3800
3601 3801
3622 3822
3627
3635 3636 3835
3642 3841 3842
3652
3657 3658
3670
3671
3694
3704
3741 3742 3941 3942
3748
3755
3775
3802
3840
4055 4254 4453
3854
3864
3870
3876 4076 4077 4276 4476
3897
3921 3922 4122 4322 4324 4522 4523 4524 4722 4724
3930
3931 3932
3933
3934
3935 3936 3937 3938 4135 4136 4137 4337 4537
3952
3960
3961 3962
4163 4363
3966
3998 3999 4197 4198
4000 4001 4201 4202
4002
4012
4015 4016
4022
4025
4039 4040 4239
4041
4042 4241 4242
4051
4063
4072 4073 4272 4273 4274 4275
4078 4079
4085
4091 4291
4096
4097
4101 4301 4302 4303
4102
4115
4121
4123 4323
4131
4133
4134
4140
4152
4160
4171
4172 4372
4173
4182 4183
4199 4399 4599
4200
4204
4209 4409
5620 6228 6427
4243 4244 4444
4256 4257 4455 4456 4457
4258
4259 4458 4459
4261
4271
4279
4304
4315 4515
4316
4328
4347 4547
4359
4395 4396 4595 4596 4597
4397 4398 4598
4400
4412
4418
4442
4460
4475
4479 4679 4879
4486
4492
5493
4502
4516 4517 4716 4717 4916 4917
5121
4521
4525
4530
4532
4536
4544
4550
4602
4619
4620
4621 4821
4622
4650
4655 4855
4656 4856
4858
4675 4676
4681 4880 4881
4682 4683 4882 5080 5081 5082
4684 4883 4884 5083 5283 5284 5484
4685
4686
4687
4693
4697 4698
5499 5698
4712
4715
4721
4725
4735 4736 4737
4765
4774
4799
4809
4827
4842
4844 5044 5244
4846 5046
5852 6051 6252
5261
4861
4870
4871 5071
5073 5273 5473 5474
4885 4886
4902
4907
4912
4922
4940 5140
4943 5142 5143
4944
4957 4958
4968
4974 5173 5174
4994
5004 5005
5009 5209
5029
5042
5054
5055 5056 5255 5256 5257 5457
5057
5059 5258 5259
5064
5084
5085 5086 5286 5287
5098
5110 5310
5111
5112
5113
5114 5115
5146 5346
5181
5189 5389
5194
5214
5215
5228 5229 5429
5237 5437
5242
5254
5264
5281 5282
5290
5301
5302
5340
5344
5345
5366
5367
5399
5407
5415
5444
5467
5482 5483
5490
5502
5535
5536
5767 6167 6168
5571 5572
5576
5577
5584
5626
5675
5684
5702 5902
5725
5763
5764
5769 5770 5969 5970
5772
5786
5807
5815 5816
6038 6240 6843 7043
5843 6042 6043
5845
5860
5871
5872
5876 5877 6076 6077
5878 5879
5931 6131 6132
5932
5955
5959
6766 6767 6768 6769 6968 6969
5964
5966
5978 6178 6179
5986 5987
6005
6044 6244
6055
6073 6074 6075 6275
6091
6099
6102 6302
6109
6111
6126
6137 6335 6336 6337 6536
6153
6164
6243
6261
6262
6263
6276 6476 6477
6291
6895 6896 7096 7097 7098
6303 6503
6306
6521 6722 6923
6334
6344
6371
6415
6421
6441
6449 6649
6482 6483 6682 6683
6517 6518 6717 6917
6561
6562
6573
6582 6782 6783
6583
6586
6600 6800 6801
6601
6604
6616 6617
6618
6632
6644
6677
6680
6685 6885
6697
6718
6719
6724 6725
6726 6727 6728 6729 6927 6928 6929
6750
6759
6776
6804
6819
6830
6837 6838 6839 6840
6851 7050 7051
6853
6854
6863 7062 7063 7262
6872
6874
6901 6902 6903 7101 7102 7103
6913 7113
6915
6918
6921 7119 7120 7121 7319 7320 7321
6926
6930
6949
6950 7149 7150 7151
6951
6965
6971 7170 7171 7371 7372 7571 7572 7573 7574
6976 6977 7177
6978
6997
7021
7022 7023
7037
7038 7039
7049
7059 7060
7088
7091
7094
7104
7105
7124
7327 7527
7141
7166
7167
7172
7178
7187
7188 7388 7588 7589 7788
7197
7229 7429
7255
7263
7271 7272
7874
7274
7286 7287
7301 7501
7309 7310 7510 7511
7312 7512
7323
7348 7349
7350
7351
7352
7355
7362 7562 7563
7369
7378
7380
7392
7393
7425 7426
7428 7628
7472
7479 7679
7481
7486 7487
7496 7497 7697
7498 7499
7549
7550
7551 7552 7751 7752 7951 7952
7591 7592 7789 7790 7791 7792 7793
7600
7602 7802
7616
7626
7632
7633
7636
8244 9241 9242
7650
7680 7879 7880 8080 8280
7693
7696 7896
7712
7721 7921
7732
7753 7953
7972 7974 8172 8173 8174 8372 8373
7773
7775
7787
7794 7992 7993 7994
7800 8000 8200 8400
7801
7818
7841
7868
7870
7878
7906
7928
7938 7939
7991 8191 8192
8001
8024
8028 8029
8031
8034
8041
8042
8043
8046
8056 8057
8063
8068
8069 8269
8078 8079 8278
8083
8089
8096
8100
8115 8116
8117 8118 8317 8318
8133
8134 8135
8153
8158
8170 8370
8193
8202 8203
8219 8220 8420 8421 8422 8620 8621 8622 8820
8221
8235
8236 8237 8437
8241 8441
8271 8272
8273
8275
8288 8289
8297
8314
8315 8316
8327
8335
8385
8399
8416
8418
8419
8428 8628 8629 8828
8639
8451 8651
8452
8459
8461 8661
8462 8662
8480
8482
8493 8693
8499 8699
8514 8515 8516 8517
8719
8532
8560 8760
8599
8604
8608 8808 9007 9008 9208
8624
8625 8626
8635
8637 8837 9037
8642
8643
8652
8692
8698
8715 8716 8915 8916 9115
8717 8917
8754 8954 9154 9354
8770
8798 8799 8998 8999
8800
8812
8832 9032
8852 9052
8854
8855
8888 9088
8918 9116 9117 9118 9315 9316 9317 9318
8969
8992 8993 9193 9194
8997
9000
9003 9004
9005 9205
9066 9266
9067 9068
9087
9089
9158 9358
9167
9169
9170
9174
9178
9187 9188
9197
9198 9398
9199 9399
9407
9209 9210 9211 9212
9214
9232 9432
9233
9237
9239
9256
9258 9458 9459
9268
9278
9279
9282
9283
9289
9293
9925
9331 9531 9532 9731 9732 9932 10132
9346
9347 9348 9547 9548 9747 9748
9355
9356 9357
9361
9405
9409
9410
9411
9412 9611 9612 9811 9812
9420
9424
9431
9433
9478
9489
9893 9894 10090 10092 10093 10290 10291 10292 10489 10490 10491 10492 10689
9492
9499
9515
9516
9522
9537
9557
9558
9562
9582 9583 9782
9595
9605
9609 9610
9618 9619
10018 10019
9643
9647
9662
9670
9671 9672 9872
9691
9710
9721
9734
9753 9953
9777
9778
9806
9810
9839
10046 10246
9847
9854 9855 9856 10055
9866
9871 10071 10072
9887 9888 10087 10287
9917
9918
9931
9943 10143
10544 10545 10744 10745 10943 10945 10946
9947 9948 10148 10348 10548 10549 10748 10948
9949 9950 10149
9988
9996 10195 10196
9997
10009
10048
10084 10085
10086
10103
10131 10330 10331
10147 10346 10347 10547
10176
10177
10178
10181
10197 10396 10397 10596 10597
10204
10205 10206
10220
10226
10270 10470 10471 10670 10671
10684
10286
10326 10526 10527 10726
10339 10539
10340 10341 10540 10541 10740 10741 10742
10393 10593 10792 10793
10395
10404
10424 10624
10433 10633
10447
10459
10464
10465 10466
10486 10686 10886
10507 10508
10511
10514 10714
10515
10528 10727 10728
11958 12158 12159 12359 12360 12361 12560 12561 12760 12761 12960 12961 13159 13161
10567
10594 10595 10794 10795 10797 10994 10995 10996 10997 11196 11197 11396
10613
10653 10654 10655 10656 10854 10855 10856
10669
10680
10700 10900 11099 11100 11101
10732
10736 10936 10937
10747
10750
10756
10763
10771
10772 10773 10973
10775 10776
10796
10822
10826
10828
10847
10897
10922
10928
10935 11135 11136 11335 11336
10957 10958
10959
10974 10975
10976 11176
13392 13591 15371 15555 15570 15571 15769 20560 20759 20760 20958 20959 21157 21158 21357 21358
10999
11012 11013
11019 11218 11219
11022
11445
11248 11648 11848
11063 11064
11076 11276
11085 11086 11286
11090
11122
11140 11141
11144 11344 11345 11544
11153
11174
11183 11383 11583 11584
11198 11199 11398
11211
11212 11411 11412 11612
11225
11252 11452
11273 11274
11275
11688 11689 11888 11889 12087 12088
11300 11301 11303 11501 11502 11503
11319
11320
11327 11328 11329 11527
11330
11333 11533
11340 11341
11342 11343 11541 11542 11543 11741
11746 11946 12146
11353
11385 11386
11391
11397
11399
11417
11425
11432 11632 11633
11440
11447
11450 11650
11455 11456 11655
11458
11465
11466
11467
11506
11513
11523 11723
11928 12127 12328
11529
11530 11531 11731
11540
11750
11557
11599
11611
11616 11617
11624
11640
11642 11643
11651
11656
12061
11675 11875 11876
11676
11677
11682
11683 11684 11685 11885
11702 11902
11703
11724 11924 11925
11752
11754
11755 11955
11771
11783 11983
11784
11789 11790 11989
11791
11800
11817
11832
11840
11845
11850
11851
11854
11855
11856
11862 11863
11873
11877
11881
11882
11883 11884 12083 12084
11892 12092 12093 12094
11893 11894
11895
11920 11921 11922 11923 12120 12122 12123 12322
11932
11938
11943
11949 12149
12151 12551
11952
11953 11954 12154
12770
11967
11973
11984
11985 11986 12185 12186 12385 12386
11990
12000
12047
12058 12258 12259
12066
12068
12069
12080 12081
12082
12091
12098
12102
12109 12110
12113
12115 12315 12316 12317
12121
12124 12324 12325
12130
12153 12353 12354 12554 12754 12755 12756 12757 12954 12955 12957 13154 13155 13355
12155
12168 12169
12200 12201 12400 12401 12600 12601 12800
12235
12256
12262 12462 12463
12269
12270
12291 12491 12492 12690 12691 12692 12890 13090 13091
12292
12294
12295
12313
12314 12514 12515 12714 12715 12716 12717 12917 13117
12344
12349
12350
12355 12356 12555 12556 12557
12372
12393
12410
12420
12421 12621
12432
12458
12459 12460 12461 12658 12659 12660 12661 12858
12464
12485
12486
12489 12490 12689 12888 12889
12508
12516
12538
12540
12553 12753 12951 12952 12953 13152 13153
12582
12597 12598
12620
12624
12627 12827
12640
12652
12653 12654 12854
12669 12670
12686
12687 12886 12887 13087 13088 13089 13288
12693
12719
12730 12930
12733
12735
12737
12746
12778
12781
12795
12797 12997
12803
12811
12813
12817
12818 13018
13220 13221
12824
12825
12859 12860 12861
12869
12870
12891
12911
12914 13114
12921
12924
12926
12935
12956
12965 12966 12967 13165 13166 13167
12974
12988
13000
13012 13013 13213
13014
13026
13031
13054
13061 13261
13069 13269 13469 13470 13669
13076 13274 13275 13276 13474 13475 13476
13079
13135
13147 13148
13156 13356
13168
13975
13178 13179
13200
13205
13246
13290
13292
13293 13492 13493
13300 13301
13306 13307 13506 13706
13318 13319 13320
13324
13352
13353 13354
13365 13366
13367
13368
13378 13379 13578 13579
13380
13381 13581
13382 13582
13383
13406
13423
13435 13635 13835
13446 13646
13455 13655
13458
13485
13487 13488 13687 13688 13887
13507
13518 13519
13529
13539
13549 13749 13750 13751 13752 13753 13949 13950 13951 13952
13562
13576 13577 13776 13777 13977
13580
13623 13822 13823
13624
13642
13643
13656
13679 13680
13704 13705 13905
13762
13778 13779 13780 13781 13782 13981 13982 14182
13830 13831
13842
13856
13858
13859
13862
13873
13879 13880 14078 14079 14080 14280
13904
13909 14109
13910
13932 14132
13938
13953 14153 14154
13954
13963 14163
13998
14000
14034
14035
14059
14060
14068 14069
14110
14114
14139 14140 14141
14151
14152
14162
14180
14194 14195 14196 14197 14198 14393 14394 14395 14396 14397 14398 14399
14199
14200 14201 14400
14212
14221
14225 14226 14426 14427
14227
14245 14246
14247
14256 14257 14258 14259 14260
14282
14283
14290 14291
14294
14309
14335
14536
14339
14347 14348
14378 14578
14388
14456 14457 14656
14462 14661 14662 14861 14862 15062
14463
14487
14490
14494
14519
14561 14562
14567
14582
14587 14588
14593
14594
14595 14596
14797 14798 14997 14998 15198
14600
14621 14622
14655
14659
14660
14677
14678
14690
14691
14713
14735 14935
14744
14762 14962
14768
14784
14786 14787 14788 14986 14987 15187
14789 14790 14791 14988 14989 14990 14991
14794
14803
14804
14823
14845
14859 14860 15059 15060
14867
14888 14889 14890
14916
14930 15130
14949
14950
14961 15160 15161 15360
14963 15162 15163
15026
15031
15431
15033 15233
15039
15056
15063
15064
15069
15074 15274
15075
15084
15087 15088 15286 15287
15111
15117
15125
15177
15180
15183
15188
15195 15196 15395 15396
15200 15400 15401 15600 15601 15800 15801 16000 16001 16200
15235
15242
15262 15263
15275
15276
15281 15282 15480 15481 15482
15295
15313
15316
15321 15521
15323 15324
15329
15341 15342
15349
15377 15378 15578
15582
15397
16023
16828 16829 17029
15443
15460
15508
15519
15529 15530 15531 15727 15728 15729 15730 15731 15732 15927 15928 15932
15577
15596
15797 15996 15997 16195 16196
15607
15618
15623
15627 15628 15827 16027
15630
15635
16036 16236
15711
15712
15713
15733
15748 15948 16148
15749
15750
15763
15777
15784
15828 15829 16028 16029 16228
15852
15869 16069
15874
15902
15911 15912
15923
16130
15931
15938
15939 16139 16140
15949 15950 15951 16149 16150 16151
16016 16216
16042 16242 16243 16442 16443 16444
16043
16053
16054
16112
16138
16142
16143
18519 18544 18720 18721 18920 19537 19539
16152
16158 16358
16161 16162 16361 16362
16186
16192 16193
16598
16199
16201 16401
16206
16229
16244
16245
16275
16287
16308
16326
16328 16331 16332 16528 16529 16531 16532 16729 16730 16731 16732
16333 16334 16533
16340 16341 16540
16351 16352 16551 16552 16553
16353
16357
16373
16392
16393
16394
16400 16600
16418
16447
16453
16466 16467
16476
16480
16487
16497
16508 16706 16707 16708 16709
16511
16530
16534 16734 16735
16543 16544
16546
16567
16587
16593
16801 17001 17201 17401 17601
16618
16619
16637 16638
16642
16650
16653
16662
16666
16667
16670
16671 16672 16871 16872
16704
16716
16721
16722
17126 17127 17325 17326 17327 17328
16728 16928 16929 16930 17129 17130 17330
16733
16736
16752 16753
16959 17158 17159 17359 17360 17560 17760
16761
16770
16775
16776 16976
16786
16814 16815 17013 17014
16818 16819
16824
16834
16842
16843
16859 16860
17873 17874 18074 18275 18470 18675 18676
16873
16874
16875
16882
16886 16887 17087
16904 16905 16906 16907 16908 16909 17105 17109 17305 17309
16921
16923 16924 16925
16931
16932 16933 17131 17132 17133
16936 16937
16951
16979
16996 16997
17004
17005
17006 17204 17205 17206 17207 17404 17407
17032
17634
17041
17042
17084
17085 17086
17110 17310 17311
17113
17137
17151 17152
17161
17166
17176 17376
17179
17199
17209
17266
17283 17284
17685
17295 17495
17307
17308
17512
17331
17332
17350 17550
17357
17403
17405 17406
17447 17448
17450 17650 17651 17850
17866 17867 18065 18066
17470
17471 17472
17487
17497
17514
17520 17521 17522 17720 17721 17722
17536 17735 17736 17936
17557 17558 17756 17757 17758
17577
17580
17589
17598
17603
17604
17605
17609
17628 17629
17630
17637
17662
17691 17692 17891
17696 17697 17698
17699 17899
17709
17710 17711
17726 17727
17728 17927 17928
17742
17746
17762
17764 17765 17964 18164
17783
17784
18186 18187 18189 18190 18386
17805 17806
17828 18028
17837
17851
17907 17908 17909
17912
17913 18113 18114
17933
17958
17962 17963 18162 18163 18359 18360 18361 18362 18363 18559
18173 18373 18573 18773 18774 18974 18975 19174 19178
17972
17980
18005
18010
18039
18060
18071
18086
18127
18147
18159 18160
18181
18198
18199 18397 18398 18399 18598 18599 18798 18799
18200 18201 18202 18400 18401 18402
18205
18232 18432
18233 18234 18434
18261
18280
18284
18313 18314
18326
18330
18349 18549 18749 18750
18353
18364
18375 18575 18576
18378 18578 18579
18803
18433
18467 18667
18473
18564
18588
18616
18620
18629
18630
18664 18665 18666
18685
18715
18736
18738
18764
18783 18784 18785 18982 18983 18984 19181 19182 19184 19381 19382 19383 19384
18790 18990 18991 18992 19189 19190 19191 19391
18800
19001 19201 19401
18810
18837
18839
18846 19045 19046
19063
18866 18867 19065 19066
18871 19069 19070 19071
18904
18941
18949
18950 18951 18952 18953
18955 18956 18957 18958
18987
18998
18999 19199
19036 19037 19237
19043 19044
19047 19247
19048 19248 19249 19447 19448 19449
19068 19268
19130
19131
19158
19159
19183
19185 19385 19584 19585 19586
19198
19211
19218 19418
19221
19239
19246
19259
19269
19273 19274 19275
19297 19497 19498 19697 19698 19896 19897 19898
19306
19314 19514
19346 19347
19352
19353
19359
19367 19368 19567
19376
19386
19394 19395
19396
19411
19451 19452 19651
19453
19468
19469
19480
19485
19506
19518
19522 19523 19722 19723 19922 19923
19524
19526
19532 19732 19932
19553
19565
19579
19582
19583
19605
19611
19612 19613
19614
19629
19646 19647 19847
19652
19663
19696
19714 19715 19914 19915
19724
19731
19797
19799 19999
19800 19801 20001
19802
19813 19814 19815
19839 19840
19848 20047 20048 20247
19851
19863
19864 20064
19868 20067 20068 20267
19876
19886
19934
19955
19963
19984 20184
19995 19996 19997 19998
20000
20002
20013
20034
20037
20055 20255 20455
20056
20063
20076
20077
20084 20085 20086 20285 20286 20486
20096
20097
20113 20114
20115
20118 20318
20121 20321
20122
20123
20142
20143
20146 20147 20347 20348 20547 20548 20549
20155 20355
20178 20179
20189
20194 20195
20397
20199 20399 20598 20599 20798 20799
20213
20248
20256 20456 20457 20458 20657 20856 20857 21056
20268
20269
20273 20274 20473 20474
20281 20481 20482 20680 20681 20682
20282
20322 20323
20333
22335 22336 22535 22536 22734 22735
20342 20343 20542 20543
20349
20377
20378
20379
20385 20585 20785
20404
20409
20415
20442
20450
20454 20654
20459 20659
21060
20675 20875 21475
20477
20488
20494 20495
20531
20536
21146 21147 21348
20552
20575
20579
20592
20607 20807 21007
20626
20655 20855
20656
20671
20872
20677 20678 20679
20709 20710 20711
20727
20730 20731 20930
20732
21131 21332 21531 21532
20739
20802 20803
20805
20814
20823
20828
20829
20841
20877
20878 21077 21078 21277 21278 21477 21478
21086 21286
20898
20902
20914 20915 21114 21115
20934 21134 21334
21137
20943
20950 21150 21151 21351 21551
20951
21366
20967
20972 21172 21173 21174
20993 20994
20997 20998 20999 21198 21199 21399
21204
21017 21217
21019 21020
21429
21030
21034
21052
21057 21257
21058
21076
21110 21111
21117
21120
21133
21143
21164
21175
21178
21179
21186 21386
21197
21201 21202 21402
21218 21418 21419 21420 21421 21620 21621
21219
21225
21230
21234
21236
21238
21253
21258 21259 21458 21459
21272
21276
21488
21290
21303
21309
21368
21382
21389
21401
21403
21407
21422 21622 21822
21423
21424
21425 21625 21626
21426
21427
21434 21435
21446 21447
21451
21652 21653 21654
21456
21457
21472
21490 21690
21500
21768 22368 22566 22567 22765
21579 21580
21593
21604
21605
21606 21806 21807 22007
21607
21608 21609
21614 21615
21619
21623 21823 21824 21825
21624
21645 21845
21646
21671
21689
21721
21725
21733 21933
21737
21945 21947 22145 22146 22147 22148 22346
21746
21750
21751 21950 21951 22151
21766
21786
21787
21790 21990
22198 22398
21814
22427 22428 22627
21838 21839
22845
21868 22068
21869
21886 21887 22086
21891
21921
21925 21926
21931 21932
21966
21986
21997
21999
22000
22001 22201
22019 22219
22022
22023
22024
22025
22065
22070 22071
22090
22096
22097 22098
22108
22115
22117
22123
22947
22152
22195
22204
22212
22215
22216 22217
22218
22223
22232
22233
22270 22470
22273 22274
22287 22288
22342 22343 22344
22354 22355 22553 22554 22555
24170 25770
22383 22384 22583 22783 22784
22391
22409 22609
22433 22434 22435 22634 22635
22467
22468 22469 22669
22473 22474
22484
22485
22487 22687
22488 22688 22888
22496
22508
22512 22513
22520
22529
22530 22531 22730
22540
22541
22543
22556
22557
22759
22597
22622
22623
22636
22652
22668
22679
22680
22689 22690 22889 22890
22718
22724
22725
22728 22729 22928
22749
22753
22770 22771 22772 22970 22972
22895
22907
22941 23141
22952 22953
23158
22957
22966 22967 22968 23166 23167 23168 23368
22969
22976
23000
23050
23053
23054 23254 23255 23455
23077 23277 23477
23093 23293 23294
23099 23100
23138
23143 23144 23145 23342 23343 23344 23345
23151 23152
26156 26355 27155 27156 27355
23160 23359 23360
23163
23164 23165 23363 23364 23365
23172
23176
23187
23190
23191 23192
23206
23207 23208
23216 23217 23218
23230
23256 23257 23456 23457 23656
23269 23270
23274
23278 23478
23281 23282 23481 23482 23681 23682 23880 23881 24080 24081
23298 23299 23498
23306
23317 23318 23518 23519
28937
23339 23340 23341 23539 23540 23541
23348
23349 23350
23354
23362
23366
23390
23439
23448
23490
23491
23499 23500
23506 23507
23517
23534
23535
23546 23547 23548
23749
23568
23573
23596
23597
23600
23610
23623 23624 23625
23626
23645 23646 23845
23648
23657
23658
23664
23672
23673 23674
23677
23726 23926 24126
23735
23763 23963 24163 24164 24165
23784
23789
23796 23797 23995 23996 23997 24195
23800
23804
23822
23823
23826
23846
23893 23894
23896
23897
23901 23902
23935 24134 24135
23961 23962 24161 24162 24361 24362
23964
23982
24003
24004
24014
24022
24024
24029
24063
24064
24069
24083
24101 24102 24301 24302
24104
24127 24128
24130
24143 24343
24144 24145 24344 24345 24544 24545 24745 24746 24747
24160
24176
24177
24178 24378 24578
24179
24199 24399
24213 24214
24224
24241
24242 24243
24250
24258 24259
24271 24471 24472 24672
24478 24678 24679
24279
24280
24285
24293
24294
24312 24313 24512 24513 24712
24320
24321
24346 24347 24348 24546 24547 24548 24748
24349 24549
24351
24360
24364
24365
24402
24427 24627 24827
24631
24849 25048 25049 25050
24449 24450 24650
24473
24475 24476
24485 24684 24685 24885
24489 24490 24689 24690
24494
24495
24516
24556 24755 24756 24955 24956 25155 25156 25355
24560
24573
24576
24594
24599
24601 24602
24603
24609 24610
24620
24626
24635 24835
24647 24847
24655
24662 24663 24863 24864
24664
24671 24871 24872 24873 25071 25072
24673
24676
24682 24882
24697
24703 24704
24705
24708 24709
24710 24711
24725
24729 24730
24743
24744
24749 24750 24948 24949 25149 25150
24777 24778
24779 24780 24978 24979 24980
24783
24785
24787
24797 24997 25197
24798
24799
24810 25010 25011 25211
24819 24820
24821
24836 24837 25036 25037 25235 25236 25237 25432 25433 25434 25435 25632 25633 25635 25636 25833
24840 25040
24853 25052 25053
24854 25054 25055
24855
24862 25062
24870 25070
24884 25084
24886
24889 24890 25090 25091
24903
24904 25103 25104 25303 25304
24910 24911 24912 25111
24918
24923 24924
24927
24945
24958
24965 24966
25177 25376 25377 25378 25379
24998 25198 25199 25398 25399 25598 25599
24999
25021
25022
25030
25031 25032 25033
25034 25035
25043
25073 25272 25273 25473
25074 25075 25076 25275 25276
25085
25086 25285 25286 25485
25102
25107
25134
25154 25354
25157
25165
25166
25181 25182 25381 25382 25582
25195
25224
25225
25230
25231 25232 25233 25234
25238
25251 25253 25254 25451 25452 25453 25651 25652 25851
25252
25267
25271
25274 25474 25475 25476
25283 25284
25291
25301
25310 25311 25510 25511 25709 25710 25711 25909
25336 25535 25536
25344
25349
25350
25364
25565
25783 25983 26183
25393
25397 25597
25400 25600 25800
25409
25417
25424 25425
25426
25427
25436
25437
25449
25450 25649 25650 25849
25458
25460
25461 25661 25662 25663 25863
25462
25465
25501
25509
25523
27326 27526 27527 27725 27726
25529 25530
25549 25550
25563
25593 25793 25794 25795
25596 25796 25797
25604
25617
25618
26032 26034 26232
25659 25660
25664 25864
25671
25677
25698
25707
25718
25922 26119 26121 26122 26318 26322 26519 26521 26719 26720 26722 27120
25720 25920
25724 25725 25924
25929
25731
25734
25737
25742 25942
25749
25750
25751
25759
26778
25798
25799
25808
25817
25875
25877
25889
25910 25911 26111
25927
25931
25932
25946 26146
25951
25980 25981
25993
25994 25995 26194 26195 26394 26395 26594 26595 26596
26013 26014 26211 26212 26213 26411 26412 26413
26016 26216
26036 26037 26236 26237 26436 26437 26636 26637
26048 26248
26049
26064
26065
26081 26281 26480 26481 26679 26680 26681
26088 26288
26109
26124 26324
26127
26128
26142
26165 26364 26365
26167
26179
26180
26193
26200
26215
26222
26227 26427
26228
26252
26253
26264 26265
26277 26278 26477 26478
26284
26286
26296
26301 26501 26701
26302
26320
26328 26329 26330 26530
26333
26334
26373
26374
26382
26393 26592 26593 26792 26793 26992 26993 27192 27193 27393 27593
26400
26410
26422 26423
26426
26428 26429
26442
26451 26452 26651 26851
26453
27052 27053 27252
26457 26657 26857
26464 26465
26467
26479
26482 26483 26682
26484 26684 26884 27084
26497
26504 26505 26705
26517
26523
26524
26533
26534 26535
26543
26549
26550
26559
26573
26574 26774
26584
26586 26786 26986
26588
26599 26799
26622
26642
26653
26654
26656
26661
26683 26883 27083 27283
26690 26691 26891
26902 27102
26703
26704
26729
26730 26731 26930
26746
26749
26759
26794 26795 26796
26802
26814
26827
26828 27028 27227 27228
26829
26831
26832
26838
26849
26850
26856
26873
26882 27081 27082
26885
26892 27092
26904 26905
26906
26921
26924 27124
26927
26931
26934
26964
26965 26966 26967 26968 26969 27165 27166 27167 27169 27365
26972 26973 26974 27172 27173
26996
26998 26999 27198 27199 27398 27399 27599
27000
27008 27009 27209 27409 27609
27015 27016 27215
27019
27023 27024 27223 27224
27027
27038
27060
27067
27093 27293
27123 27321 27322 27323 27522 27523
27149
27168 27368
27189
27200 27201 27202 27400
27216
27221
27240
27246
27247
27250
27871 28071
27281
27292
27294 27295 27296
27299
27300
27310 27311
27312
27363
27766 27767 27769 27963 27964 27965 27966 27968 28164 28165 28771 29370 29371 29571 29772 30372 30571
27370
27373
27376
27385
27392
27602 27603 27801 27802 27803 27804 28005
27404
27408
27411
27423
27445
27447
27449 27450 27649
27462
27474
27486 27487 27687
27488
27498 27499
27500
27501 27700 27701 27900 27901
27509 27510 27511 27512 27708 27709 27710 27711 27712
27516 27517
27520
27521
27542 27742
27578
27579
27590
27598
27600
27608 27808
27628
28033
27632
27637
27662 27663
27664 27864
27672
27673
27674
27688
27698 27898
27699 27899 28099
27702
27706
27716
27729 27730
27733
27745
27784 27785
27786 27787
27823
27824 28024 28025 28224 28424
27825
27832
27835 28035
27850 28050
27856
27867
27880 27881 28081
27884
27910 27911
27945
27946 28146 28147
27947
27957 28157 28158 28159 28357
27984
27985
27996
28401 28402 28601
28007
28008
28038
28040
28066
28073 28074 28273
28094
28095
28098 28298 28299 28300
28100
28101 28102
28105
28154
28189 28389
28195 28395
28806
28207
28235
28239 28240
28241
28270
28274
28282
28296 28297
28701
28323 28324
29325 29526 30518 30719 30720 30721 30920
28340
28351
28355 28356
28358
28367
28369
28373 28573
28374
28576 28976 29175 29176 29376
28381
28423
28433 28434 28634
28440 28441 28641
28446
28447
28448
28461
28472
28475 28675
28498
28511
28515 28516 28517 28518 28718
28519
28520 28720
28521 28522 28523 28721
28524
28543
28554 28555
28561
28562 28563
28580 28581
28589
28590
28591
28611 28810 28811
28617 28618 28817
28624
28633
28638
28658
28671 28672
28712
28713
28716
28719
28722
28723
28727 28927
28730 28930
28731 28732
28746 28946
28759 28959
28775
28778
28788
28790
28802
28809
31415 31416 31612 31614 31615 31813 31814 31823 32022 32023
29019 29820 30019 30020 30021 30022 30223
28838 28839 28840 29039 29040
28841 28842 28843
28858 29058
28872
28882 28883
28898 28899
28947 29147
28955
29365 29564 29565
28969
29000 29001
29002 29003 29004 29201 29202 29203 29204 29401 29404
29011 29012
29029
29041 29241 29441
29048
29069
29077
29083
29103
29142
29167
29168
29173
29182
29183
29196
29200
29205
29435
29238
29239 29240 29439 29440
29264
29265 29465
29266
29268 29468 29668 29868
29277
29299
29302
29303 29503 29504 29702 29703 29704
29308
29374
29983 30182 30382
29385 29386 29585 29586
29400 29600
29402
29403
29405
29410
29412
29413
29419
29421
29425
29426
29438
29464
29466
29482 29483 29682 29683 29684 29882 29884 30082 30083 30084 30281 30282
29484
29502
29522
29530 29730
29531
29541
29554
29559
29560
29574
29577
29587
29601
29602
29603
29605
29617
29625
29626
29634
29650
29667
29669 29670
29680 29880 29881
29681
29691 29891
29692
29714
29715
29716 29717
29718
29719
29722
29734 29934
29742
29743
29768 29769
29786 29787
29790
29793
29852
29883
29898
30504
29903
29904
30308 30509
29919 29920 29921 29922
29928
29933
29939
29966
29969
29970
29986 29987
29996 30196
30008
30009
30031
30061
30100 30300 30301 30501
30128
30129
30163 30363
30174 30175 30176
30177 30377
30185 30385
30186 30386 30586 30785 30786 30787 30987
30187
30394
30200
30206
30207 30208 30407 30408
30212 30412 30413
30244
30251
30256 30257 30258
36605 36806 37007 37208
30276
30277
30278
30283
30333
30350
30351
30366
30367
30375 30376
30398 30399
30409 30609
30457
30462
30472
30482 30681 30682
30483 30683
30885 30886 30887
30499 30500 30699 30700 30899 30900
30513
30531
30532
30533
30542
30567
30585
30597
30598 30599 30796 30797 30798 30799
30605
30612 30613
30623
30624
30626
30629 30829
30645 30646 30845 30846 31046 31246
30652
30662
30667
30677
30688
30690
30701
30715
30725 30925
30729
30733
30755
30768 30968 31168
30781
30788
30792
30793
32203 32404 32604 32605 32803 32804 33003 33403
30805
30818
30830
30839
30851
30853
30854 30855
30856
30858
30870
30880
30881 30882 30883 31081
30890 31089 31090 31091 31092 31289 31489 31490 31689
30894
30910
30913 30914
30915
30937
30954 31154
30960 30961 31161
30972 30973
30976 30977 30978 31178 31378
30983 30984 30985 30986 31183 31184 31185 31186 31386
30998
31007 31008 31207 31208
31013
31021 31022 31221 31222
31026
31029 31030 31229 31230 31429
31045 31245
31070
31082
31083 31084
31095
31100
31113
31114
31130
31155 31156
31362 31563 31763 31764 31765 31963 31964 31965
31768
31182 31382
31200
31219
31228
31243 31244 31443 31444 31445 31645
31270
31282
31284
31287
31288
35686 35687 35887 35888
31314
31318
31322
31323 31522 31523 31722
31349 31350
31364
31366 31566
31374
31379
31380 31381
31784
31400
31401 31402 31602
31404
31407 31408
31430
31462
31468
31484
31488
31494
31504
31521
31527 31528
31532
31540
31541
31743 31942
31545 31546 31547 31548 31745 31746 31945 32145
31549 31550 31749 31750 31950
31561 31761
31569
31580
31597
31598 31599
31600 31601 31800 31801
31639
31640
31665
31672
31684
31887
31690 31889 31890
31697
31701
31714
31723
31724
31725 31925
31740 31741
31747 31748 31947
31777
31798 31799
31818 32018
31828 32028
31831
31837
31839 31840 32040
31846
31860 31861
31908
31911
31912
31939 31940 32139 32140
31948 31949 32148 32149 32348 32349
31961
31972
31973
32178 32380
31981
31986 32185 32186 32386
31987 32187
31998
31999
32006
32017
32035
32039
32059
32060
32261 32462
32089
32090
32111
32120
32125
32154
32156
32168
32192
32210
32211 32411
32226
33842 33843
32859 33059 33060 33061 33258 33259 33260
32259
32474 32672 32673 32674 32675 32873
32488 32685 32686 32885
32298 32299 32300 32301 32302 32498 32499
32503 32504 32703
32306
32345
32352
32385
32400
32420
32441 32442
32443
32650
32453
33666 33867 34068
32478
32483
32506 32507
32508 32509 32708 32709 32908 32909
32558 32559
32562 32762
32578
32597
32600
32610
32611
32612
32614
32628
32652
32657
32667 32867
33675 33874 33875 34074
32679
32695 32696 32895 32896
32722
32736
32740
32744
32774
32795
32810
32837
32851
32852 33052
32871
32887
32888
32904 32905 33104 33105
32931
32934
32942
32949 33149 33150 33151
32970
32989 33189 33389 33589
33007
33018
33020
33037 33038
33044
33051
33054 33055
33056
33074
33080
33081
33082 33083 33282 33283 33483
33090
33095
33096 33097
33098
33101
33102
33106
33132
33137
33175 33176 33375 33376
33185
33190
33197
33199
33206
33214
33220
33221
33244
33253
33267
33272 33273 33473
33274
33292
33700
33320
33328 33527 33528
33337
33349 33350
33351
33352 33552 33553
33357
33383
33390
33392
33397
33398 33399
33413 33414
33431
33438 33638 33639
33439
33462
33463
33468 33469
33478
33489 33689
33517
33535
33536 33537 33736 33737 33937
33551
33569
33570 33571
33572
33583
33598 33599 33798 33998
33607 33807
33636 33637 33836
33662
33663
33678
33709
33720 33721
33722
33734
33735
33753
33760
33767
33770
33797
33799
33816
33826 33827 34026 34027 34227 34228
33857
33858
33860
33912
33914 34114
33925
33929 34129
33934
33959 33960
33967
33999
34000 34200 34201
34001
34004
34014 34214 34215
34016 34017 34018 34216 34217 34218 34219 34419
34029 34030 34229
34046
34047
34050
34090
34095
34097
34099
34100
34108
34116 34316 34317 34516
34142
34151
34152
34153 34154 34353 34354
34159
34163 34363 34563
34193 34194 34393 34394 34593 34594 34793
34197
34198
34235
34250
34281
34282
34283
34290 34291 34292 34490 34491
34294
34304
34319
34320
34357 34557 34757
34362
34364 34564
34392 34592
34397
34401
34411 34412 34611 34612
34415 34615
34434 34435 34634 34635
34445
34870 34871 35069 35070 35071
34476
34677 34678 34877 34878
34492 34691 34692
34493 34494 34693
34495
34501 34701
34502 34503
34504 34505
34519 34719
34549
34558
34560
34561
34596 34597
34610 34810 34811
34631 34831
34640 34840 35040 35240 35241 35440
34641 34642
34664
34694
34699
34902
34755 34756 34955 34956
34758
34785
34786
34787
34794
34799
35005
34821 35021 35022 35023
34822
34834
34862
34863
34938 34939
34971
34973
34974 35174
34977
34984
34985
34994
35201 35402
35212
35024
35028 35029
35039
35051
35052
35079
35091
35298 35299 35300
35103 35303
35108
35115 35315 35316
35118
35142
35155
35164
35175
35177
35203
35204
35206
35209
35821 35822
35225 35226 35425 35426
35228
35236
35246 35446 35646
35273
35275 35276 35277
35304
35320
35327
35350 35351 35550
35356 35556
35373
35389
35392
35395 35595
35404
35405
35406 35606
35409
35441
35447
35467
35473
35477
35480
35496 35497
35501 35701
35511
35519
35522 35722 35723
35523 35524
35545 35745
35549
35553
35567 35568
35582
35600
35609 35610 35611 35612 35809 35811 35812 36011 36012 36013
35631 35831
35632 35832
35647
35650
35668 35669 35670 35869
35716 35916 35917 36117
35766 35767 35768
35777
35799 35999 36199 36399
35839
35842 36041 36042 36043
35846
35900
35905 35906
35911 36110 36111 36112
35915 36115
35934 36133 36134
35937
35959
35968
35997 36197
36224 36225 36424 36425 36624
36034
36040
36057 36058 36257
36080 36081 36280 36281 36282
36107
36109
36159 36160 36359 36558 36559
36366
36186 36386 36586
36187
36188
36198
36252
36256
36258
36272
36273
36279 36479
36307
36323
36326
36333
36334
36338 36339
36358
36373
36376 36377
36389
36412 36612 36812
36413 36613
36429
36435
36456 36457 36657
36462 36662
36503
36507 36707 36708 36709 36909
36508
36512
36537 36538
36544
36555
36556
36567 36767 36966 36967
36568 36768 36769 36968 36969
36576
36577
36591 36592
36598 36599
36615
36622
36626 36627
36631 36632
36655
36656
36677 36876 36877
36679
36683
36703 36903
36723
36738 36938 36939
36772
36788
36813
36818 36819
36825
36826 37026
36827
36833 36834 37033 37034 37234
36839
36846
36847 36848
36851
36858
36875
36895
36896
36897 37097
36906 36907 36908 37107 37108 37307 37507 37508 37705 37706 37707
36920 37120
36921 36922 37121 37321
36962 36963
36964 36965
36972
36980
36989
36992 36993
37017 37018
37024 37025
37032
37046
37054
37058
37084
37089 37289
37095 37096 37295 37296
37102
37103 37104 37303 37304
37105
37106
37115
37135
37138
37139
38361
37172 37173 37372 37373
37193
37217
37218
37219
38032
37253 37254
37265 37266
37292
37297
37305
37306
37325 37326
37529
37334
37380
37397 37597
37400
37403
37435
37436 37437 37438 37637 37638 37639
37446
37465
37667 37668 37867 37868 38068
37483
37484
37485 37684 37685 37885 37886
37506
37509
37520
37521
37522
37923 37924 38120 38121 38122 38123 38321 38322
37541 37741
38386 38585 38586 38587 38588
37585
37586
37587
37598
37600
37612
37642 37643 37842
37647
37648
37878
37683
37686
37687
37699
37710
37713 37912 37913 38109 38110 38111 38112 38312
37744 37745 37944
37765
37774
37775
37784
37785
37786
37787 37788
37797 37997 38197 38198
37798 37799 37999
37804
37821
37837
38247
37862 37863
37864 37865
37870
37887
37910 37911
37949
37950
37958 38155 38156 38157 38158 38357
37964
37965 37966
38176
37977
37982 38182
37991
37998
38004
38025
38027
38042
38045 38046
38866
38070 38071
38072
38674 38874 38875 39075
38077
38085 38086 38087
38113
38326
38135
38150 38151 38152 38352
38154 38354 38355 38356 38556 38557
38164 38165
38178 38378 38578 38579
38797 38996 39193 39194 39195 39394 39395 39595
38216 38416 38417
38217
38218
38220
38221
38222
38227
38253
38262 38462
38267
38269 38270 38271
38272 38273
38276 38277 38278 38477 38478
38279
38291
38304
38514
38339
38365
38368
39368
38374
38377 38577
38403
38404
38422
38426
38427 38428 38429
38458
38463
38464
38468
38476
38479 38678 38679 38878 38879 39078 39079
38490
38493 38494
38517 38518 38519 38718 38719 38917 38918 38919
38535
38539
38978 39178 39179 39180
38594
38595
38634
38638
38647
38658 38858
38671 38871
38701 38702
38706
38717
38723
39124
38928 38929 39128 39129 39328
38731
38754
38814 38815
38820 39020 39021 39022 39023
38821
38823
38836
38842 39042
38870
38895
38904
38905
38922
38931 39131 39331
38960 39160
38962
38976 39175 39176
38982 38983 38984 39183 39184 39383 39384
38990
39008 39208 39407 39408 39409
39018
39025 39026 39225 39226
39032
39050 39250 39251 39451 39651 39652 39851 39852
39254 39453 39454 39455
39070
39071 39072
39085 39086 39286 39486 39686 39687 39886 39887
39104 39105
39107
39108 39308 39309
39119
39120
39132
39141 39341
39157
39158
39161
39559 39560 39561 39562 39759 39760 39761 39762
39575 39576 39775 39776
39186 39187 39387 39388 39587
39198
39205 39206 39207
39220
39221 39222
39223 39423 39623 39624 39823 39824
39230
39235 39236
39238 39239
39252
39264
39277 39477
39298 39498 39499
39305
39307
39319
39320
39330
39332 39333
39336
39339
39356
39385 39585
39386
39398 39399
39606
39416 39616 39816
39421
39422
39425
39426
39438
39439 39440
39445 39446 39645
39658
39487 39488
39491 39492 39493 39494 39689 39690 39691 39692 39889 39890
39495 39695
39507
39520 39521
39523
39530
39531
39532 39533 39732 39733 39734 39934
39578 39579 39778 39779
39580 39581 39780 39781 39980 39981
39582 39782
39583 39584
39586
39591 39592 39791 39792
39598
39599
39614 39615
39638
39656 39854 39855 39856
39678 39878 39879
39688 39888
39693 39694 39891 39892 39893 39894 39895
39701
39707 39907
39708 39709 39908 39909
39720
39721 39722 39921 39922 39923 39924
39725 39727 39728 39729 39730 39731 39925 39926 39927 39928 39929 39930 39931 39932
39726
39764 39765
39772 39773
39783 39983
39784 39785 39984 39985
39798 39799 39998 39999
39808 39809
39810
39811
39815
39817
39822
39837
39838
39848
39849
39850
39853
39857
39860
39864
39865
39870 39871
39872
39896 39897 39898
39902
39905
39906
39914
39919
39920
39933
39940
39951
39957
39963 39964
39965
39979
39982
39990
39991
