201
4 5
6 7 203 204 205 206 405 604 605
18447 18448 18647 29260 29626
13
19 219
22 222 422
23 24
427 629
28
32
33 34
35 36 37 38 39 237 437
40 41 42 43 44 241 242 243 244
246 247 248 249 250 251 253
55
56 57 256 257 456 457
58 258 259 260 460
59 60
61 62
1061
266 466
470
71
72
73
74
75
1682 1882 1883 3278 3478 3479 3679 4273 4474 5877 5878
80 81 82 83 282 283 482
84 85
6938 6939 7137 7138 7337 20579
97
110 111
112 312
915
116 316
126 127
128
129
130
136 137 138
139 140 141 142 143 338 339 340
144 145
146 341 342 343 344 345 346 543
147
348 349 350 354 548 549 550 551
158
159
160 161
363 364 365
168 169
370 371 569 570 769 770
575 576 775
582 583
190 191
392 788 789 790 989 990
195 394 395 396
196 197
198
199
223
230
232 233 432
234 235 435
236 436 635 636 637 837
439 440 639 640
255 455
262
273 274
278 279
280 281 480 481
284 285
302
352
358
359 559
360
361
367 567
379
389
997 1194 1196 1197 1393 1394 1593
399
403
404
406
409
410
412
423 622 623 823 824 825 1023 1024
424
442
443 444
849 850 851 1048 1049 1050
452
458
459 658 659
473 673
479
483
488 688 689
499
513
519
544 545 744
546
558
560 561 761
562
965 1165 1366
572
591
594 595 596
601 602 801 802
613 614
619
624
2643 2644
644
653
655 656
874 1074 1274 1275 1475 1675
675
681
690 691
695
707
717 718
730 731
737
745 746
752 753
754
758
759
762
763
764
772
795
799
800 1000
813 814
834
835 836 1035 1036 1235 1435 1634 1635
841
844 845
4460 4461 4462 4660 4661 4860 5645
865
877
878
882
889
928
935 936 937
954
959
962
968 1168 1169 1368 1369
979
981 1180 1181 1380 1381 1579 1580 1581
984 985
986
1001
1008
1013 1014
1037
1039 1040 1041 1239 1240 1241
1267
1066
1080 1081
1113
1118
1125
1137 1138 1139 1140 1337 1338 1339 1340 1536 1537
1149 1150
1152
1163
1167
1377
1184
1385 1386 1387 1585 1586 1587
1191
1200 1201
1204
1224
1230
1231 1431
1232 1432 1433 1633
1233
1234 1434
1236 1237
1244 1444
1252
1253
1258
1277
1293
1294
1295
1321
1330 1331 1530
1332
1344 1345
1348
1349 1549
1350
1357
1364 1564
1373
1382 1383
1400
1408
1409
1414
1415
1423
1430
1637 1836 2031 2032 2034 2035 2231
1438
1439 1440 1441 1639 1640 1839
1464
1468
1473 1673
1485
1524
1525 1725
1528
1531
1532
1547 1548 1748 1749
1552 1752
1561
1563 1763 1764 1765 1963 1964 1965
1578
1582 1781 1782 1980 1981 2180 2181
1607
1609
1614
1615
1632
1688
1714
1719 1720
1724 1924
1730 1930
1731
1732 1931 1932 2132 2332
1733
1750
1753 1953
1766
1771 1971
1778 1779 1978 1979
1780
1784
1788
1990
1795
1796 1798 1996 1997 1998 2195 2196 2197
1797
1815 2015
1818
1869
1877 2077
1888
1891
1903
1914
1948
2150
1959
1966
1974 1975 2174 2175 2375 2573 2574 2575 2772 2773
1995
2017
2018
2021 2022
2023
2029
2049
2087 2287
2091 2092
2100
2129 2130
2131
2152 2351 2352
2153
2157
2178 2179 2379 2380
2188
2198 2199 2398 2399 2598 2599 2798 2799
2223
2233 2433 2434 2435 2436 2437 2632 2633 2634 2635 2636 2637
2240
2271 2272 2273
2274
2280
2285
2293
2295 2495
2303
2306
2319
2335 2535
2337
2356
2374
2381 2580 2581
2448
2454
2457
3061
2462
2473
2474 2475 2673 2674
2480
2485 2486 2685 2686
2507 2707
2512
2526
2542
2579
2592
2593
2600 2800 2801 2802 3000 3001 3002
2601
3638 3838 3839
2663
2665
2680
2883 2884 3084 3085 3284
2688
2708 2709 2909
2710 2910
2913
2728 2928
2746
2754
2764
2974 2975 3174 3175
2778
2779 2780 2979 2980 3179
2797
2807 2808 3008 3208 3408
2812 2813
2814
2817
2828 2829
2849
2860
2865
2868 3068
2873
2874 2875
2876
2880 2881
2887 2888 3087 3088
2889 3089 3090
2897
2911
2925
3129 3329 3330 3530 3531 3731 3732 3932 3933
2931
2946 3146
3163
3009
3011 3012
3017
3039 3040 3240
3047
3063
3065
3104
3111
3114
3118
3140
3172
3183 3184
3190
3197 3397
3198
3199 3398 3399 3599 3797 3798 3799 3997
3401 3601
3235
3236
3241 3441
3248
3263 3463
3264
3265 3266
3272 3273
3286
3287
3304 3504
3313 3513
3321 3520 3521 3522 3722
3540 3541 3740 3741
3362 3562
3390
3407
3426
3427 3627
3428
3432 3433
3442 3642
3447 3645 3646 3647 3846
3456
3460
3461
3464 3465 3466 3664
3469
3485
3486
3487
3490
3516
3519
3523 3723
3535
3556
3570
3571
3795
3603
4206 4207 4405 4406 4407 4604 4605 4802 4803 4804 5003 5607
3609 3809
3611 3811
4224 4226
3626
3828
3629 3630
3643 3644
3652
3656
3665
3669
3683
3684
3685
3686 3886
3695 3696
3713
3721
3737
3752
3753
3755 3756
3800 4000 4001 4200 4201 4400 4600
3802
3803 4003 4004 4203
3804
3805
3810 4010
3812 3813 3814
3819
3826
4045 4245
3844
3847
3852
3866
3875
3876
3882 3883 3884 4083 4084 4283
3914
3928
4129 4329 4330 4530
3935 3936
3937 4135 4136 4137
3938 3939 4139
3942
3944
3988
3993 3994
3998
3999
4002 4202
4009
4011
4012 4013 4212 4213 4412 4413
4018 4218 4219
4019
4025
4030
4434 4435
4066
4068
4069
4081 4082 4281 4282
4114
4119
4131
4138 4140 4141 4337 4338 4339 4340 4341 4537
4166 4167 4366 4367
4211
4222
4431 4632 4831 5032 5233
4233
4243 4443
4255 4453 4454 4455 4654 4655 4854 4855
4269
4280 4480
4293
4312 4313
4319 4519 4520
4320
4321 4521 4719 4720 4721 4920
4322 4323 4523
4333 4334
4335 4336 4535 4536 4735 4736 4737
4350 4351
4368
4376
4385 4585
4418 4419
4422 4622
4429
4444
5067 5068 5266 5267 5466
4489
4508 4509
4522
4534
4539
4559
4560 4561 4760 4761
4586 4786 4787 4788 4987
4587 4588
4810
4617
4641 4642 4643 4644 4645
4650
4677
4701
4702
4711
4731 4931
4734
4759
4768
4769 4969
4770
4776
4982
4785 4985 4986
4791
4797
4829
4833
4842 4843 5042 5043
4844
4866
4872
4887 5087 5088 5089 5288 5289
4918 4919
4942
4960 4961
4968
5373
4977 5177
5006 5206
5011
5038
5047
5054 5055 5254 5255 5455 5456
5056
5086
5090
5124
5128 5129 5328 5329
5130 5330
5141 5142
5148
5151
5172
5174
5187 5188
5190
5269
5275 5276
5287
5290
5359
5360
5362
5366 5367 5368 5566 5567 5568 5768
5570 5770 5970
5377
5380
5381
5384
5400 5600
5401 5402 5601 5602
5413
5418 5419 5420 5619 5620
5434
5440
5454
5863
5480
5481
5483
5486 5487
5488
5492
5519 5520 5521 5720
5525
5526
5535 5536 5537 5735 5737
5538
5539
5551 5552
5559 5560
5598 5599 5798 5799
6001 6601 6801
5613
5616 5816
5617
5818 6018 6019 6218
5628
5629
5659
5667
5668 5669 5670 5869
5686
5711
5712
5718 5918 6118
5719
5721
5734 5934
5736
5751
5752 5951 5952
5764
5772
5773
5780 5980
5786
5820
5821
5822
5828
5834 5835 6034 6035
5836 6036
6038 6039 6239
5841
5850
5860
5868 6068 6069 6070
5870
5882 5883
5888
5906 6105 6106
5909
5919 5920 6119 6120
5928
5929
5935
5936
5953 6153
5972
5975 5976
6010
6011
6016
6021
6222
6030
6065
6073 6074 6274
6135
6143
6166
6184 6384
6202 6402
6205 6206 6404 6405
6805 6806 7005 7006
6220
6237 6436 6437 6636 6637
6301
6318
6319 6320 6321
6329 6330 6529
6350
6351
6353
6370
6371
6372
6391 6392 6592
6397 6398
6406
6420 6620
6421
6467
6468 6469 6668 6868 6869 7068 7069
6473
6479 6480
6487 6687 6688
6498 6698
6515
6517 6518
6519
6524 6525
6547
6570 6571
6578
6579
6580 6581
6586
6598
6599 6798 6799
6619 6819
6624
6626
6630
6638
6843 7043
6644
6646 6647
6658
7875
6671
6679
6689 6889
6694 6893 6894
6710
6722 6723 6724 6725 6924
6726
6745
6752
6755 6955 6956 7156
6808
6809 6810 7009 7010
6814
6823 6824
6841
6849 7049
6853 7053
6854
6859
6866 7066
6888
7097
6902 6903
6910 6911
6957
6964
6979 6980
6999
8203 8403 8404 8603 8604
7022 7222 7422
7023
7041 7240 7241 7441
7045 7245
7048
7061
7067
7094
7095
7118
7121
7124
7125
7130
7148 7149 7150 7151 7349 7350
7155 7352 7353 7354 7355 7552 7553 7752 7753
7196 7396
7200 7400 7600
7207 7208 7209 7407 7408 7608 7808
7214
7226
7232
7233
7239
7244
7467 7468 7667 7668 7866
7273 7274
7282 7481 7482 7483
7283
7318 7319 7517 7518 7519
7324
7351
7360
7390 7391
7398
7405
7406 7606 7607
7409 7410
7417
7418
7442
7465
7493
7497
7549
7569 7570 7571
7575
7585
7593
7594
7605
7633
7635 7835
7665
7673
7678
7697
7698
7722
7748 7749
7754
7757 7957
7775
7784 7785 7786 7985 7986 7987
7806
7807 8007 8207 8208 8209 8408 8409 8410
7816
7830 8030
7836 7837 8036
7838
7853
8062 8262 8264 8265 8466 8467
7870
7871
7879
7887
7896 7897
8497
7901
7909 7910
7913
7914
7930
7941
7947 7948 7949
7961
7966 7967
7980
7984
8390 8391
8006
8008
8009 8010 8210
8044
8049
8050 8250 8450
8258
8060
8067
8069 8070 8269 8270
9283 9483 9682 9881
8091
8113
8123
8128
8129 8130 8330
8142
8149 8150
8157
8162 8163 8363
8170
8171
8177
8178 8179 8379
8180 8380 8579 8580
8181 8182 8381
8187
8192
8197
8198
8199 8398 8399 8597 8598 8599
8216
8241
8260
8271 8470 8471
8288 8488
8493 8893 8895 9094
8302 8502
8313
8314
8718
8323 8523 8723
8344
8370
8378
8582 8783 8983
8393
8397
8411
8415
8616 8815 8816 9016 9215 9414
8422 8423
8433
8460
8463
8469
8473
8474
8475
8476
8483
8519
8530
8536
8540
8556
8573 8773
8577 8578 8777
8585
8988 9188 9387
12204 12404 12405 12604 12605 12804
8613
8619
8620
8630 8830
8638
8651
8665
8669
8871
8691
8694
8704
8708
8721
8722
8730 8731 8732
8733 8734
8748
8766
8780
8781
8993 8994
8798 8799
8813 9013 9014
8847
8857
8859 8860
8861
8862
8863 9062 9063
8864
8865
8867 9066 9067 9266 9267
8868
8869
8876
8891
8902
8907 8908 9108
8916
8917
8921 8922
8923 8924
8930
9132
8934 9134
8937
8950 8951 8952
8954
8960
8980
8981 9181
8985 9185
9000 9200 9400 9401 9600 9800 10000
9027
9037
9464 9469 9663 9664 9668 9868 10069
9107
9125 9126 9325 9326
9129
9130
9135 9335
9139
9140 9141
9157
9167
9180
9201 9202
9233 9234
9241
9242
9246 9446 9646
9313 9314
9340 9540 9740 9940
9342
9349 9350 9548 9549 9749 9949
9357
9361
9582 9583
9410 9610
9416
9420
9428 9429 9629 9829
9434 9634
9442 9640 9641 9642 9840 9841 9842
9444 9643 9644
9445 9645
9449 9649
9454 9455
9478 9479
9491
9492
9500
9502
9508
9509
9522
9566
9572 9573 9574 9773
9590
9597 9598
9609
9611
9613
9616
9627 9628
9652
9654 9854 10054
9655
9656
9671 9672 9872
9675
9687
9691
9893 10093
9718 9719
9722
9769
9770
9772
9777
9788 9789
9813
9828 10028 10029 10030 10227 10228 10427 10428
9871
9875 10075 10076 10273 10274 10275 10276 10473
9916
9918 9919
9921
9922
9959
9979
9980 9981
10182 10380 10381 10382 10579 10580 10583
9983
9984 9985
10013
10016 10017
10018
10022 10023
10024 10025
10032 10232
10033
10042 10241 10242
10047
10265
10118
10132
10166
10169
10177
10178
10200
10210
10244
10248
10314 10514
10321
10329 10528 10529 10530
10332 10532
10366
10378
10384
10434
10474 10674 10874 10875 10876 11075 11076
10475
10485
10531
10542
10543 10544
10546
10565
10566
10588
10605
10651
10652 10653 10853
10659
11064
10669
10670
10671
11680
10679
10680 10681
10682 10683 10684 10685 10686 10883 10884 11083 11084 11284
10687 10688 10888
10692
10710
10712 10713 10912 10913
10718 10918
10728 10729 10928
10730
10745 10746 10946
10760 10761 10762 10960 11160
10769
10782
11798 11998 12197
10800 10801 11000 11001
10813 11013 11213
10814
11671
10880 10881
10882
10885 10886 11085
10887
10929
10930 10931 10932
10941
10952
10961 11161 11361
10962 11162 11362
10970
10997
11018 11019 11020 11219 11220
11028 11228
11062
11082
11086
11708
11110 11111
11119
11126 11127
11128 11325 11326 11327 11328 11526 11527
11132
11141
11157 11158
11168
11188 11388
11189 11389
11190
11391 11591 11592
11197
11200
11206
11211
11229
11243
11248
11257 11258
11262
11268
11476 11676
11283
11285
11286
11306
11332
11363
11364
11376
11426 11626
11427 11428 11627 11825 11826 11827
11442
11448
11455
11456
11458
11460
11464 11664 11864
11488
11497
11501
11506 11507
11521
11524
12125 12324
11541
11547
11548
11558
11559
11585
11594 11794
11600
11616
11617 11618 11818
11655
11659
11685 11885 11886 12085 12086
11726
11734
11748 11749 11948 11949 12148
11783
11786 11787 11788
11789 11790
11807
11810
11823
11829
11830 11831
11845
11863
11868
11921
11926
11931 12130 12131
11934
11935
11960
11980
12010
12015
12016 12216 12217 12415 12416 12615
12228 12428 12429
12031
12032 12033 12034 12234
12039
12052
12055 12254 12255
12068 12268
12073
12074
12275 12276 12477
12081 12281
12487 12488 12685 12686 12687 12885 12886 13086 13286
12098 12099 12298 12299
12104
12109 12309
12149 12150
12154
12156 12356 12556 12756
12193 12393
12199
12215
12220
12230
12231
12243
12267
12290
12291
12292
12294 12295 12494 12495
12893 12894 13093 13094 13290 13292 13293 13491 13492 13691 13693 13890 14089 14090
12334
12350 12351
12352
12355
12370 12371 12570 12571
12374
12383 12384
12388 12389
12413 12613
12414
12417
12419
12440
12471
12491 12691
12498
12499 12500
12513
12528 12529
12555
12559
12581 12582 12781
12586
12587
12588
12589
12616
12619 12620
12621
12623 12624 12823 12824
12627
12651
12670 12671 12871
12672
12676 12875 12876 13075
12678 12679 12878
12690 12889 12890
12698 12699
12700
12715 12716 12915 12916
12717
12718 12918
12728
12729
12742
12755
12757
12782 12981 12982
12789
12790
12791
12810
12818
12829 13029
12830 12831 13030 13031
12832 12833
12837
12846
12872
12877
12879
12880 12881
13481 13681
12891
12899
12900 13100
13102
12917 13117
12936 13136
12939
12942
12954
12957
12961
12962
12971
12979
12980
13000 13200
13028
13037
13048
13050 13250 13251
13051
13061
13063 13263
13083
13091
13108
13109 13309 13310 13311
13518
13128 13328
13137 13337
13201 13401
13220
13431 13631 13632 13832 13833 14032
13232 13233 13433
13267 13268 13269
13272
13274
13278 13477 13478
13296
13301
13303
13305
13512 13513
13315
13317
13751
13371
13373
13402
13406
13407
13408 13606 13607 13608 13808 13809 14008 14009 14208 14209
13410
13451
13489
13494
13502
13509 13510 13709
13515 13715
13524 13724
13528 13529 13728
13531 13532
13549
13553
13560
13571
13573 13574 13575 13773 13774 13775
13610
13639
13642 13643
13705
13710
13711
13725
13738
13753
13760
13763
13780 13978 13979 13980 14177 14178 14179 14180 14181 14182 14381 14382 14582
13791 13792 13991 13992
13793
13796
13806
13807 14007
13828 13829 13830
13839
13841
13853
13854 13855 13856 14054 14055 14253 14254 14454 14653 14654
13876
13883 14083
13886
13887
13888
13892
13898
13909 13910
13911
13912
13913
13918
14323 14325 14524 14525 14725
13924 14124
13927
13956
13957 14156 14157 14158 14159 14160 14355 14356 14360 14361
13966
13967 14167
13973 14173
13974 13975 14174 14175 14374 14375
13982 13983
13998
13999
14006
14018
14022
14026
14826 14827 14828 15027
14041
14056
14068
14076 14276 14277 14278 14478 14479 14678 14877 14878 15077 15078
14092
14111
14115
14127
14128
14136
14165 14166
14171
14172
14185
14191 14192
14394 14594
14195 14196
14207
14218
14419 14619 14819
14220
14227 14426 14427
14233 14234 14235
14237
14238 14239
14240 14241 14440 14640 14641 14841
14246
14248
14279
14280 14281 14480
14283 14284 14285
14298
14327 14527 14727
14328 14329
14333
14342
14550 14747
14358 14359
14362
14366 14367
14368 14567 14568 14768
14371
14379
14380 14580 14581
14392 14592 14792
14405
14407
14429 14629
14433 14434
14438 14439 14639
14441
14451
14452 14652 14851 14852
14453
14477
14492
14496 14696 14697
14498
14509
14542
14560
14561
14566
14569
14577
14579
14600
14607 14608
14610 14611
14614
14615
14816
14621
14638
14672
14675
14676 14677
15080
14691
14692
14693
14698
14701 14702
14707 14708
14709
14710
14715
14716
14723 14923
14738
14773
14777 14977
14778
14787
14797
14800
14805
14806
14810
14834
14854
14859
14863 15063
14892
14896 14897 15096
15298 15300 15497 15498 15499 15500 15501
14901 14902 15101 15102
14913
14943 14944
14945 15144 15145 15344
14948
15545 15745 15946
14954
14957
14958 15157 15158
14962 14963 14964 15161 15162 15163 15363
14966
14982
14984
14997 15197 15397 15398 15399 15597 15598
15000
15005
15039
15055
15097
15099
15111
15115
15123
15130
15132
15133
15141
15146
15147
15153
15154
15184 15185
15186
15212
15217
15218
15219 15220
15221
15225 15226 15424 15425 15426 15624
15228 15229
15254
15256
15272
15274
15278
15285
15306
15311 15312
15315 15316
15330
15332
15338
15343
15354
15412
15417 15418 15419 15618 15619 15818 15819
15427 15428 15628
15429 15430 15629 15630
15435 15635 15835
15454
15468 15469 15668 15669
15478 15479 15480 15677 15678 15679 15877
15485
15487
15511
15512
15522
15542 15741 15742
15547 15747 15748
15548
15554
15568 15569
15571 15771 15772
15572
15575
15599
15604
15608
15617
16028 16228
15634
15642
15664
15670
15695 15696
15707
15708
15750
15757
15769
15780 15980 15981 15982 15983
15781
15782 15783
15786
15798 15799 15998 15999 16198 16199 16398 16399 16598 16599
15834
15836
15843 15844 15845 15846 16045 16046
15847 15848 16048
15868
15882
15888
16098
15917
16125 16323 16522 16721 16920
15941 16141
15942 15943 16143
15944 16144
15953
15967
15969
15976
16018 16218
16025
16041 16042 16043 16044 16242 16243 16244 16245 16246 16247
16047
16053
16055
16069
16073
16074
16100
16109 16308 16309
16110
16136 16137 16138
16744 16745 16746 16944 16945
16149
16165
16186 16386 16586
16200
16206
16216 16217
16253
16255
16269 16468 16469
16273 16473 16474 16672 16673
16274
16294
16296 16297
16326
16341
16349
16350
16354
16365
16369
16379
16385
16387
16431
16435
16458 16459 16659
16463 16464 16465 16466 16665
16472
16880 17079 17080 17279
16481 16681
16483
16484
16525 16725
16551
16552
16560
16577
16579 16580 16779 16780 16979 16980
16620
16627
16637
16638 16838 17037 17038 17237 17238
16650
16666
17872 17873 18071
16678 16679
16682
16683 16684 16883
16695
16696
16711
16717
16719
16729 16929 17128 17129 17130
16735
16751
16770
16796
16797 16798 16799 16997 16998 17197 17397
16813 16814 16815 17014
16831 16832 17031 17032
16833 17033
16834 17034
16843
17050 17051 17052 17250 17251
16865
16866
16867 16868 17065 17066 17067
16877
16878
16893 16896 17093 17094 17095 17096 17293 17294 17295 17296
16904
16913 17113
16916
16948
16949
16951
16970 16971 17170 17369 17370
16991 17191
16992
16999
17012
17013
17028 17029 17228 17229
17057 17257
17105
17108
17149
17150
17158
17159
17171
17172 17173 17371 17372
17192
17196
17198 17199 17398 17399 17598 17599 17798
17204 17404
17213
17214 17215
17216 17416
17217 17218
17432 18033 18035 18036
17239 17439
17253
17258
17265
17277 17476 17477 17676 17677 17678 17679 17878
17682
17283
17286
17304
17305
17307 17308
17329
17330
17349
17350
17373 17374
17381
17390 17391 17392 17590 17591
17413
17414
17415
17812 17814 17815 17816 18011 18015
17418
17422
17424
17426
17428 17429
17434
17435 17635
17437 17438
17454
17470
17480
17492
17494
17495
17503
17504
17509
17511 17711 17712 17713 17912 17913
17512
17532 17732
17745 17746 17947 17948 17949 18148
18369
17584 17784 17785
17592
17593
17597 17797 17997
17610 17611
17613
17618 17619
17631
17634 17834
17637
17839 17840 18040 18240
17662 17663 17664 17862 17864 18064
17720
17733
17740
17751 17951 18151
17766 17966 17967 18166 18167 18366
17769 17770
17771
17778
17786 17787 17985 17986 17987
17788
18198 18396 18397 18398
17799
17802
17804
17820
17825
17831
18055 18255 18256
17879
17892
17897
17902
17904 18104
17910
17911 18110 18111 18311
17961 18161
17969
17971
17983
17988 17989 18189
17991
17994
18007
18013
18017 18018 18218
18020
18031
18038
18058
18065 18265
18076 18276
18078
18085
18089
18105
18913 19313
18113
18118
18119 18120 18319 18320 18519
18145
18188
18216
18217
18232
18238
18258
18263
18264
18281 18282
18283
18295 18296
18298 18299 18499
18304
18307
18313 18513 18514
18325 18525 18526
18326 18327
18351
18355
18559 18758 18762
18367 18567
18377
18405
18413
18414
18416 18417
18418 18419
18427
18431 18432 18630 18631 18632 18830
18433 18633
18434 18634
18437
18438
18454
18457
18458
18463
18464
18482
18483
18495
18496 18497
18498
18510 18511
18515 18516 18517 18518 18715 18716 18717
18524 18724 18924 18925
18532
18551
18561
18563
18570
18594
18995 18996 18997 18998 19195 19196 19197 19198 19394 19593 19792
18615
18616 18617
18618 18619 18819
18672 18673 18674
18675
18682 18882
18693 18893
18694 18695
26291
18710 18711 18910
18718 18719 18917 18918 18919 18920
18729
18736 18936 19134 19135 19136 19137
18740
19155 19156
18769
18770 18970
18811
18816 19016
18817 18818
18828
18841
18842
18853 18854 19053 19054 19055
18855
18872
18873 18874 19073
18889
18890
18894 18895 19094 19095 19295
18899
18911
19121
18935
18939 18940 19139 19140 19339 19539 19540
18943
18954
18957
18959 18960 19159 19160
18963
18964
18968
18969 19168 19169 19170
18977
19024
19252
19057 19256 19257
19065 19265
19072
19483 19484
19489
19293 19492 19493 19494 19691
19112
19117 19118
19123
19124
19125
19129 19328 19329 19528 19529
19130
19138
19158
19163 19164
19166 19167 19367
19175
19176 19376
19177 19377 19577
19212 19213
19232 19233 19234
19235
19271
19273
19296
19300 19301
19519
19325 19525
19338
19340
19559 19560 19561 19564 19565 19765 19965
19970 20169
19369
19370
19378
19388 19588
19389 19390 19589 19590
19798
19414
19425 19426
19427
19428
19429
19430
19433
19444
19454
19463
19469
19470
19471
19501 19700 19701
19502 19503 19702
19504 19704
19522
19549
19550
20357
19567
19575
19576
19600 19800
19623 19624
19643 19644 19844
19650
19660
19666
19671 19871
19686
19699 19899 19900 20096 20097 20098 20099 20100
19705 19905
19706
19707 19907
20121 20321
19722 19723 19922 19923
19751 19752
19763
19773
19774
19775
19787
19788
19789
19790
19794
19801 20001
19805
19806
19807
19822
19832 19833
19848
19856
20078 20479 20678 20679 20877 20878 21077
19889
19892
19901 19902
19906
19910 20110
19914
19938
19956 20156
19961 19962 20159 20160 20161 20162 20359 20360
19963 20163
19967
20000 20200 20400
20026
20027
20056
20064 20065
20082
20090 20091 20092 20290 20291
20101 20299 20300 20301 20302
20102
20109 20308 20309 20508 20509
20119
20131
20133 20134
20135
20136 20336
20164 20364 20365
20172
20173
20185
20198 20398 20399
20199
20222
20223
20259
21060 21061 21261 21262 21462 22067 22068 22268 22658 22659
20267 20467 20468
20277
20281 20282 20283
20296
20297
20298 20498
21110 21311 21510 21511 21710
20331 20531
20337
20338
20346
20367 20566 20567 20767
20397 20597
20412
20425
20426 20427
20429
20433
20477
20483
20494 20495 20496 20497 20694 20695
20500
20502
20504
20507 20707 20708
20511
20524
20534
20535 20536 20735 20935
20558 20757 20758
20564 20565 20764 20964
20596
20602
20619
20623 20823
20625 20626
20633
20639
21052 21053
20664 20665
20667
20687
20689 20690
20693
20700
20704 20705
20711
20712
20716
20765
20766
20768
20790
20796
20808
20820 20821
20837
20838
20849
20864
20865
20866
20867
20870 21070 21071
20875
20895 21095
20905
20936 20937
20946
20952
20955
20956
20957 21157 21357
20958
20965
20966
20967 20968 20969
20987
20999
21006
21028
21038
21047 21048 21049 21050 21248 21249
21065
21072
21273 21473 21474 21674
21074 21075
21479 21480
21096 21296 21495 21496 21497 21695
21097
21105 21106 21305
21113
21130 21131
21137
21138 21338 21339 21340 21540 21541 21542
21141
21145 21345 21545 21745
21148
21149
21168
21169
21174 21374
21183
21247 21447
21275
21278
21287 21487 21488
21295
21297
21300
21304 21504
21306 21505 21506
21307 21308
21318
21328 21528 21726 21727 21728 21729 21926 21927 22127
21337
21341 21342
21350
21351
21388 21586 21587 21588 21786 21787 21788 21988 21989
21394
21397 21398
21801
21406 21407 21606
21408 21608
21417
21418 21618 21818
21424
21455
21469
21470
21507
21517
21523
21536 21537 21538 21539 21736 21737 21738
21564 21565 21765
21572
21581
21594 21595
21597 21598 21599 21798 21799 21998 21999 22199
21607
21620
21638 21639 21640 21839 21840 22039 22040
21645 21646
21655
21659
21678
21681 21682
21683 21684
21687
21696 21697
21705
21706
21724 21725
21757
21808
21820 22020
21825
21828
21833
21842
21843
21847
21853
21864
21872 21873
21876
21878 21879 22079
21880 22080 22081
21881
21882 21883 22083 22084
21886
21887
21895 21896
22097 22099 22100 22297 22298 22299
21908
22123 22323
21924
21925
21930 21931
22544
21944
22166
21978
22018
22021
22022
22023 22024 22224
22028
22029
22042
22072
22073
22082
22089 22289
22094
22108
22111
22116
22128
22142
22176 22376 22574 22575 22576 22776
22185
22192
22201 22401
22202 22402
22223
22228
22229
22240
22250 22251 22450 22650 22850
22256
22272 22273 22472 22473 22673 22873
22321 22521
22325
22347 22547
22364
22372
22375
22377 22577
22384
22399
22403
22404 22405
22414
22429
22437
22462 22463 22663
22464
22465
22475 22675
22476
22686
22487
22493
22496
22524
22529
22535
22536
22559 22560 22759 22760 22959 22960 23159 23160
22561
22562 22761 22762
22564 22764
22570 22770
22573
22588
22596
22600
22601
22604
22606 22607
22613
22623 22624
22629
22645
22672
22676 22677 22875 22876 22877
22688
22693
22698
22699 22899
22705
22708
22721
22742
23162 23363 23564
22766
22773
22777
22783
22785 22786 22787 22788 22985 22986 22988 22989 23188 23189
22796 22797
22798 22799 22998 22999
22800 22801 23000 23001
22806
22810 22811
22826
22855
22878
22879
22889
22921
22927
22930
22941
22950
22958
22965
22982
22983 22984
22987
22997 23197 23198 23199
23030
23050 23051
23086
23089 23090
23105 23106 23306 23307 23506 23507 23706 23707
23133 23333 23334 23335 23535 23735
23150 23350
23183
23186 23187
23796
23200 23201 23400
23210 23410 23411
23211
23230 23231 23429 23430 23431
23232
23235 23236
23239 23240 23241
23243 23443
23249
23260 23460
23265
23269
23270 23470
23295
23323
23365
23366
23369
23370
23979
23417 23418 23617
23423 23424 23425 23623 23624 23823
23436
23440
23452 23453 23454 23455 23652 23655
23461 23660 23661 23662 23862
23462
23463
23466 23663 23664 23665 23666 23864 23865 24064
23468
23473
23491
23492 23692
23512 23513 23514 23712 23713 23714
23733
23542
23549
23561
23575
23576
23578
23589
23592 23790 23791 23792 23991 23992
23654
23659
23667
23668
23919 24119
23736
23737
23745
23753 23953
23757 23957
23776
23799
23804
23824
23833 23834 24034 24233 24234 24235
23860
23861
23863
23866
23867 24065 24066 24067 24265 24266
23878
23879 24078 24079
23884 24084
23917
23921
23931
23935 23936 23937 23938 24135 24136 24138 24335 24336
23999
24013
24018
24023
24029
24046
24061
24069 24267 24268 24269
24070
24088 24089 24289
24102 24302 24502
24109 24110
24710 24910 24911 24915 25111 25112 25113 25115 25310 25311 25312 25318 25507 25509 25510 25706 25724 26325 28308
24137 24337
24146 24147
24152
24159 24160
24164
24175 24176
24199 24397 24398 24399 24599 24799
24216 24217 24218 24416 24417 24418
24219
24270 24470 24670
24271
24279 24280
24281 24481
24286
24287 24288
24297
24304
24312 24512 24513
24315
24316
24521 24522 24722 24923 24928 24929 25123
24323
24349 24549
24354
24356
24372
24373
24374 24574
24375 24575
24400 24600 24601 24800 24801 25000 25001 25200 25201 25202 25400
24409
24413 24610 24611 24612 24613 24810 24811 24812
24415
24426
24429
24432
24833 25032
24440
24463 24464 24465 24664 24864
24668 24869 25069 25070
24482 24681 24682 24881
24483 24484 24683
24486 24684 24685 24686 24884 24885 24886 25084
24497
24507
24526 24726 24727
24527 24528
24529
24535
24536
24537
24554
24573
24592
25797
24604
24608 24609 24809
24628
24629 24827 24828 24829 25027 25028 25029
24631
24647
24663 24863 25063
24665
24706 24707 24906
24717
24719 24720 24920 24921 25120 25121
24724
24731
24745
24749
24751
24771
24787
24788 24789 24988
24790 24990
24793
24797
24813
24826
24837 24838
24856
24862
24865
24866 25064 25065 25066 25264 25265 25266 25466
24867
24873
24883
24897
24902 24903 25102 25103
24904 24905 25104 25105 25304 25305
24944 24945
24949
24976
24980
24987
24989
24999
25017
25020 25021 25220 25420
25036 25037 25236 25237
25239 25438 25439 25639 25839
25050
25067 25267
25073
25085
25090
25091
25101
25108
25126
25127 25327 25328
25165
25169 25170
25178 25179 25378 25379
25180 25380
25194
25602
25211
25216
25219 25419
25249
25257 25457
25258
25263
26481
25297
25302 25501 25502 25701 25702
25303
25326
25330
25331
25365
25384
25404 25604 25804
25458
25464
25465 25665
25467
25469 25470
25472
25473
25475
25494
25503 25504
25514
27117 27317
25530
25536
25562
25574
25592
25815
25820
25622
25636
25659
25661
25664 25864 25865
25666 25667 25668 25866 25867 25868
25675
25703
25929 25930 26129 26130 26329 26529
25762
25764 25765
25787 25986 25987 26186 26187 26188 26189 26190 26388 26389 26390
25792 25991 25992
25793 25794
25810
25812
25818 26018
25844 25845 26044
25873
25896
25903
25908
25911
25912
25913
25914
25916
25919 26119 26120
25926
26555
25973
25974 25975
25999
26013 26212 26213
26016
26021
26030
26033 26233 26433
26045
26052 26250 26251 26252 26253 26450 26451 26650 26850
26053
26060
26066 26067 26068 26069 26070 26268 26269 26270
26077 26277
26100 26300 26301 26302 26500
26114
26121 26122 26320 26321
26143 26144
26163
26164
26173 26372 26373
26174
26191 26192
26196 26198 26396 26397 26398
26199
26209 26210
26216
26220
26231 26232
26239
26242
26257
26265 26266
26267 26467
26271
26272
26306
26308
26513
26318 26319
26331 26531
26332 26333 26532
26337
26342
26343
26344 26345 26544
26352 26551 26552
26356
26364
26371 26571
26391 26591
26392
26795 26994 26995 26996 27197
26611 26811
26412
26413
26431 26432 26631
26452
26453
26454
26457
26462 26463
26465 26466 26666 26667
26468 26668
26501 26502 26702 26902
26509 26510 26710 26711
26533 26733 26933
26542 26543 26742 26743 26942 26943
26553
26562
26566
26589 26787 26788 26789 26790 26987 26988
26590
26592 26791 26792
26593
26613
26623 26823
26647
27052 27251 27252 27452
26662
26663
26665 26865 27065 27265
27099 27300
26699 26700 26701 26900 26901 27101
26703
26704 26903 26904 27103
26709
26727
26748
26753 26754 26953 26954 27153 27154
26785
26786
26813
26817 27017
26821 26822
26824 26825
26826 27026 27027
26827
26835
26837
26838
26840 26841 26842 27040
26857 27057
26866 26867
26873
26910
27111 27112 27310 27311 27312 27512
26931
26932
26939
26955 26956
26969
26970 27169 27170
26979
26981
26989
26999
27009
27010
27012 27013 27212
27023 27024 27025
27041
27048 27248
27055 27255 27455 27456 27655 27656
27056
27066 27067
27086
27093
27094
27104
27108
28323 28523 28722
27126 27127
27128
27931 28131 28331 28532 28733 28934 29915 29926 30116 30125 30324
27135
27149
27162
27163
27179
27180 27380
27382 27383
27205 27405 27406
27214 27215 27414
27239
27303 27304
27305
27307
27326 27327 27328
27338
27548
27358
27362
27369 27370
27379
27393 27593 27793
27408
27415 27615 27815 28015
27417 27418 27618
27444
27446 27646
27479 27679 27879 27880
27480 27680
27481
27482 27483
27499
27503
27504 27704
27505
27527
27545
27569
27570 27770 27771
27571
27572 27772
27981 27982 27983 28182 28381 28382 28581
27579 27779 27780
27580 27581
27584
27585
27588
27590
27990 28185
27594 27595 27596 27794 27994 27995
27599
27600
27616
27619
27643 27644 27844
27666
27674
28082 28281 28282
27682
27693 27694
27696
27698 27699
27700 27900
27701 27901
27719 27720
27735 27935 28135 28335
27738
27739 27740 27741 27939 27940 28139 28140
27755 27756 27956
27759
27795 27796 27797 27996
27798
27799
27816
27818
27824
27856
27874
34670 34870 34871 35071
27892
27898
27907
27925
27926
27927
27955
27967 27968
27969 27970 28169 28170 28369
27971
27986
27993
27997
27998
27999 28198 28199 28398 28399
28000 28200
28001 28002
28016
28019
28020
28024
28027
28038
28044
28050
28051
28068 28268
28074
28088
28094 28095
28101
28104
28118 28318
28120 28121
28124 28125 28126 28127 28327
28136
28152
28153 28353 28354
28154
28168 28368
28176 28376
28180
28389
28191
28193 28392 28393 28394
28194
28396 28793 28993 29393 29394
28205
28207
28228
28237
28243
28244
28248 28448
28265
28285
28312
28320 28321 28520 28720
28326 28526 28527 28528 28726 28727 28728
28338
28339 28340 28540
28357
28358
28367
28410
28422 28622 28822 29022
28431
28441
28451
28458
28476
28477
28490
28503
28506
28913
28515
28521
28543
29152 29351 29748
28579
28598 28599 28798 28799
28607
28618
28620
28633
28670
28692
28696
28709 28710
28711
28740
28743 28942 28943
28744
29145 29943 30143 30144 30342 30343 30542
28747
28755 28955
28756
28763
28780
28982
28785
29185
28787
28788
28795 28995 29195
28796 28797 28997 28998
28800
28807 29007
28808
28816 29016 29216
28839 29039
28840 28841 28842 29041
28856
28869
29271 29272
28871
28873
28876
28882 29082
28903 28904
28907
28909
29110 29111 29309 29310 29509 29709 29910
28926
28927
29128
28930
28939
28941
28950
28956 28957
29179 29380
28984
28991 29190 29191 29389 29390 29589
28996 29196 29396 29397
28999
29011
29017 29018 29217 29218 29417 29418
29031 29231 29232 29431 29432
29042
29066 29067
29095
29100 29300
29103 29303 29503
29118 29119
29126
29156
29166
29192
29197
29198
29199
29200
29215
29222
29234 29434
29247
29248
29289 29290 29490
29293
29295 29495
29318
29319
29321
29332
29336 29536
29354
29361
29369 29370
29373
29374
29782 30182 30581
29391
29398
29399
29400 29401 29601
29611 29810
29816 30016 30017 30817 31016 31017 31018
29419
29433
29435 29633 29634 29635
29436 29437
29453
29465
29466
29473
29511
29517 29518 29519
29524
29541 29741
29542
29554 29754 29954
29558 29758
29571
29583 29584 29585
29598
29600 29800 29801 30000
29654
29670 29671 29672
29679
29681
29688
29689 29889
29690 29691
29705
29711
29722
29766
29785 29984 29985
29794 29994
29795
29821
29836
29842
29848 29849
29871
29872 30069 30070 30071 30072 30271 30471 30472 30671 30672 30871 30872
29882
29888
29890 29891
29894
29906
29922
29934
29950
30748
29952 29953 30152
29959
29980 29981
30008 30009 30208 30209 30408
30021 30022 30222
30032
30048 30049 30050
30054
30066
30067
30089
30090
30091 30092
30101
30109
30140
30147 30347
30150
30165
30175
30180
30200 30400
30223
30230
30245 30246
30248
30267 30268 30269 30270 30467 30468 30469 30470
30272
30277 30278 30477
30280
30281 30282 30481 30482 30483
30283
30290
30292
30309
30320 30520
30331
30332 30333
30929 30930 31528 31727 31728 31926 31927 32527
30349 30350
30354
30360 30361 30560 30561
30378
30379
30380
30383
30384
30388
30398
30399
30401
30404 30604
30415
30418
30434
30445
30446
30448
30453
30454 30455
30459
30473
30498 30499
30507
30509
30538
30563
30566
30574
30575
30578
30583
30584
30600 30601 30800 31000
30609
30610
30611 30811
30614
30615
30656
30659 30859 31059 31060
30668
30669
30670
30673
30677
30688
30712
30715
30738
30945 31144 31145 31343 31344
30746
30750 30751
30766 30966
30767 30967 30968 31167 31168
30769 30969 30970 31169 31170
30794
30798
30801
30820
30834
30843 30844 31043 31044
30851
30868 30869
30886 30887 31086
30890
30896
30899
30907
30918
30923
31137 31337 31338 31537 31538 31737 31738 32134 32333 32334 32535 32736
30938
30939
34353 34553 34752 34951 35150 35350
30954 30955 30956 31155
30959 31158 31159
30975 30976
30981
30997
30998
30999 31199
31025
31026
31028
31041 31042 31241 31242 31243 31443
31061
31462
31068
31074 31274 31275
31075
31076
31093
31099
31109
31127
31132
31333 31334 31534
31141
31154 31354
31166
31244 31245
31255
31260 31261 31460
31267
31268
31269
31288
31311 31511
31312 31512 31513 31713
31313
31324 31524 31525
31325
31331 31531 31731 31732 31931 31932 32132
31340
31341 31541
31346 31347
32149 32349 32350 32549 32551
31351 31550 31551 31552
31366
31367
31368 31369 31568
31370 31570
31383
31399
31410 31411 31611
31426 31626 31826 31827 32026 32027
31427 31428 31429 31430 31628 31629 31630
31432
31433 31434 31435 31634 31635 31834 31835
31437
31441 31442
31449 31450 31650 31651 31652 31851
31466
31486
31487
31488
31489
31490 31689 31690
31520
31521
31523
31532
32142 32743 32744 32942
31545
31558 31757 31758 31957 31958 32158
31593 31793
31599
31600 31800
31605 31606 31804 31805 31806 32004
31610
31618
31627
31631
31632
31633
31636 31637 31638
31859 31860
31676
31688
31695
31712 31912
31733
31743
31759 31760 31959 31960 32159 32160
31773
31782 31982 32182
31783 31784 31785
31823
31825
31828 31829 32028 32029 32228
31830
31831
31836
31845 32045 32245
31848
31849
31850 32049 32050 32051
31852
31853 32052 32053 32250 32251 32252 32449 32450 32451 32452 32453 32648 32649 32849
31854 31855 32054 32055 32253 32254 32255 32256
31857
31872
31888 32088 32288
31889 31890 32090
31894
31899
32110 32111
31917
31922
31923
31939 31940
31951
31979
31992 32192
31993 32193
32802
32005 32205
32006
32014
32015
32072 32272
32490 32491
32099
32512
32129
32130
32131
32138
32139
32151
32190 32191 32390 32391 32392 32589 32590
32197
32200 32400
32204
32206 32207 32208 32209 32407 32408
32418
32226 32227 32426
32234
32249
32258
32262
32273 32274
32275
32278 32478 32479
32279
32303 32304 32503
32516 32716
32317
32319 32320
32325
32336
32345 32346 32347
32358 32359 32559
32373
33185 34592 34791
32393
32399
32403
32409
32423
32424
32443
32454 32455 32655 32656
32456
32459
32473 32673
32488
32510
32514
32518 32718
32519 32719
32920 33119
32541
32558
32560
32571
32577
32591
32592 32790 32791 32792
32593
32594
32607
32608
32609 32809
32610 32810 32811 33011
32611 32612
32615
33019 33219 33419 33420 33619 33620 34219 34418 34419 34420 34421 34617 34618 34620 35021
32630
32631 32831
32644
32650
32652
32654
32671 32672 32871 32872
32678
32679
32688 32888 33088 33089 33288 33289 33488 33489
32703
32714
32722 32723 32922 32923 33121 33122 33123
32724
32734
32750
32771
32772
32778 32978 33177 33178
32779
32780 32979 32980
32793 32794 32795 32796 32990 32991 32992 32993 32994 32995 32996
37629
32812
32815
32816
32830
32835
32840
33056
32858 32859
32866
32870
32878
32879 33079
32880
32890
32891 32892 32893
32905
32906 33106 33305 33306 33505 33506
32912
32913 32914
32924 32925 32926
32928
32970
32971 33170 33171 33369 33370 33371
32977
32997
33022 33023 33221 33222
33052
33059
33078
33099
33139
33140 33339 33340 33539
33145 33146 33345
33150
33154
33159
33179
33180 33380
33397 33398 33996
33212
33244
33264
33267
33304
33321 33322 33323 33523
33329
33341 33343 33541 33542 33543
33344
33350
33354
33359
33372
33381
33390
33409
33423
33430
33448
33459
33471
33479
33485
33494 33495 33694
33497 33498 33697 33698
33521 33522 33721 33722
33536 33736
33537
33538
33540 33740
33561
33563
33564
33581 33582 33781
33590
33662
33674 33874
34682
33699 33700
33704
33706
33723 33922 33923
33731
33934
33737 33738 33937 33938 34137 34138 34336 34337
33739 33939
33741 33742 33940 33941 33942 34139 34140 34339
33743
33749
33750 33751 33949 33950 33951
33758 33958 34158
33763
33764 33964
33772
33780
33782
34182 34183 34380 34381 34382 34383 34579 34581
33790
33797 33798
33799
33801
33811
33813
33814
33826
33840
33860 34060
33861
33886 33887
33906 34106
33907
33915
33921
33932
33936 34136
33957 34156 34157
33981
34001
34017 34018 34217
34020 34021
34022 34023
34024
34039 34040 34239
34056 34256
34057 34058 34059 34257 34258 34458 34658
34084 34284
34087
34090 34091 34289 34290 34291
34093
34096
34104
34107
34122 34123 34124
34128
34132
34141 34142
34145
34163
34164 34165
34172 34372
38172
34186
34201 34202 34400 34401
34403 34404 34604
34223 34224 34423 34424 34623 34823
34225 34425
34241
34242
35283 35285 35683 35884
34292 34293
34296
34316
34324
34338
34541 34940 35139
35162
34368
34371
34386
34388
34408
34448 34449 34450
34455
34656 34855 34856 35055 35255
34464
34487
34690 34891 35091 35092
34538 34539
34543
34546
34549
34558 34559
34567 34568
34570 34571 34572 34771 34772 34972
34586
34599 34799 34999
34600 34601 34800
34602
34622
34624 34625 34824 35024 35025
34629 34630 34632 34829 34830 34831 34832 35031 35231
34631
34636
34641
34677
34694
34695 34895
34696 34697 34896 34897 35097
34710
34726
34727
34735
34738
34739
34742 34743 34942 34943 35142 35143
34744
34757
34758 34958
34766 34767 34768 34966 34967
34777
34780
34782
34805
34811
35816 35817
34822
34825
34827
35247 35248
34848
34849
34886
34893
34900 34901
34910
34915
34927
34944
34945
34955 35154 35155
34982
34984 35184
34995 34996 35195 35196
34998
35000 35001
35002 35003 35004 35202 35203 35204
35018
35023
35027 35227
35030
35032
35038 35237 35238
35039
35053 35253
35057
36494
38298 38499 38500 38700
35100 35300
35101
35102 35301 35302
35114 35115
35124
35131
35144
35175
35178
35401 35601 35602 35603 35604 35605 35801 35803 35804
35216 35415 35416
35232
35235
35239 35240
35257 35457
35289
35294
35314 35514 35714
35315
35331
35343 35344
35354
35378
35784 35785
35411
35421
35422
35432
35454
35481 35482 35681
35484
35486 35487
35493 35693
35494
35502 35503
35506 35705 35706
35529
35546
35954 36153
35557 35757
35587
35595
35596
35609
35610 35810 35811 36010
35618
35619
35620 35621 35622 35623 35819 35820 35821 36019
35628
35631
35632
35644 35844
35658
35663
35680
35686
35694
35733 35932 35933
35746
35758
35767
35790 35990
36795 36796 36797 36995
35812
35822
35828
35847 36047
35863
35877
35880
35881
35882
35886 35887 36086 36087 36286 36287 36288
35888
35889 36089
35905
35908
35909 36108 36109 36110
35910
35913
35920
35921
35934 35935
35942
38347
35959
35996
35997
35998 35999
36002 36200 36201 36202 36203
36009
36048
36063
36069
36080 36081 36082 36282 36482
36088
36090 36290
36098
36304
36128
36134
36166
36187
36189
36196 36197
36198 36199
36246 36247 36248
36259
37471 37672 37873 37883 38073 38075 38084 38276 38284 38285 38483 38484 38684
36267 36268
36269 36469
36272
36283
36284 36483 36484
36289
36291 36292
36302
36309
36310
36318
36344
36364
36377 36577 36777 36977
36384
36385
36425
36426
36430
36435
36442
36448
36455
36456
36466 36467 36667
36468 36668
36485 36685 36885 37085 37285
36486
37288
36517
36720
36521
36523
36538
36540 36738 36739 36740
36541
36560
36568 36569
36770 36968 36969
36576
36584
37001
36610
36617 36817
36627
36632
36633
36634 36635
36640
36641 36642 36842
36686 36886
36717
36722 36723
36725
36726
36727 36728
36729 36929 36930 37129 37130
36732
36735
36745
36759
36780
36800
36821
36832
36833
36834
36835 37035 37235
36869
36872 36873 36874 36875 37074 37075 37274 37275
36883 37083
36887 37087
36888
36890 37090 37091 37290 37291 37490 37491
36892
36897
36900
36904 36905 37103 37104 37105
36917
36918
37119 37318 37320 37717 37916 37917 38116
36923
36926 37125 37126 37326
36927
36928
36932
36955
36958
36999 37199
37021
37024
37034
37036
37038
37045
37059
37073
37076 37276 37476
37086
37117
37122
37123
37127
37128 37327 37328
37143 37343
37144
37150 37350 37550
37552 37553 37751 37752
37562
37165 37166 37365
37174 37175 37374
37180 37380
37185 37186
37192
37193
37212 37213 37412 37413
37222
37262
37267
37281
37286
37292
37301
37322
37339
37340
37344 37544
37354
37366 37367 37368 37369 37370 37566 37567
37377
37396 37596
37455 37654 37655 37854 37855 38055
37479
37485
37486
38711
37519
37548 37549
37559 37560
37565 37765
37568 37768
37591 37592
37595
37620
38034 38035
37647 37847
37648 37649 37849
38265 38866 39065 39265 39266 39464 39465
37666
37667 37867 38067
37668 37868 37869
37688
37689 37889
37690
37693
37694
37696
37699
37719 37720 37721 37919 37920 37921
37760
37763
37792
37805
37848
37862 37863
37888
37893
37930
37933
37934
37945
37960
37999
38000
38037
38045
38056 38057
38068
38080
38089 38289
38103 38104 38303 38304 38305
38105
38109
38319 38518
38127 38327
38136 38137 38336 38337 38338 38538
38138
38140
38143 38144
38164
38165
38200
38208
38210
38212
38237
38251 38252 38452
38256
38280
38294
38332
38342
38353 38354
38365
38379
38400
38426 38427
38435 38436
38859
38468
38469
38470 38471
39105 39106 39304 39305 39306
38507
38520
38521 38522
38532
38552
38553 38753 38953
38555
38567 38767 38967
38587 38588
38589
38599
39001
38612
38614 38615 38616 38814 38815 39013 39014 39213 39214
38617
38626
38627
38644 38645
38648 38848
38657
38658
38664
38674
39327 39528 39727 39728 39729 39731
38729
38730
38738
38744
38749
38757
38758
38762
38787
38789
38791
38798
38802
38808 39008
39614
38818
38819
38827 38828 39027
38831
38832
38853 38854 38855
38881 39081
38890
38897
38917 38918 39116 39117 39316 39317
38919 39118 39119 39318 39319 39517 39518 39519
38923 38924 39123 39124 39324
38925 38926 39125 39126
38936
38944
38946
38991
39006 39007 39206
39009
39015 39215
39229 39230 39427 39428 39627
39028
39033 39233
39052 39252
39453 39653
39055 39056 39255 39256 39455 39655 39656 39855 39856
39057
39068 39069 39070
39074 39274
39277
39076
39490 39691
39129
39154
39159
39173 39373 39573 39574 39772 39773 39774
39176
39202 39402
39207
39221 39222 39223
39238 39239
39244
39245
39246 39247 39446 39447
39262
39294
39298
39320 39520
39321 39322 39323 39522
39329 39330
39346
39348
39354 39554 39555
39362 39363
39365 39366 39566
39368
39372
39398 39598
39399 39599 39798 39799 39999
39401
39407
39408
39412 39413
39420 39421
39422
39431
39456
39473
39474 39475 39674 39675 39676 39677
39476
39480
39481
39482
39686 39687
39512
39514 39714
39526
39530
39533 39534
39552 39553
39568
39594
39600 39601 39602 39800 39802
39611
39612
39616 39816
39617 39817
39629
39648
39649 39650 39848 39849 39850 39851
39678 39877 39878 39879
39682 39683 39684 39882
39689
39703 39903 39904
39705
39706
39720
39722
39725
39733 39734 39932 39933 39934
39736 39936
39737 39738 39739 39740 39741 39937 39938 39939 39940 39941
39742 39942
39751 39752 39753 39950 39951 39952
39754
39755
39768 39968
39771
39783
39784
39801
39803
39806
39825
39826
39828 39829
39842
39852
39860 39861
39866
39867
39873
39874
39875 39876
39883 39884
39889
39898
39902
39914
39935
39953
39954
39955
39965 39966
39974
39992
39993
39994 39995
